4.901072741E+00  2.515522242E-01
4.912148611E+00  -2.723798454E-01
4.923224482E+00  -4.214556515E-01
4.934300353E+00  6.727036834E-01
4.945376223E+00  -3.169141412E-01
4.956452094E+00  2.007646084E+00
4.967527964E+00  2.045248985E+00
4.978603835E+00  3.154439926E+00
4.989679706E+00  3.417922020E+00
5.000755576E+00  3.921067715E+00
5.011831447E+00  4.648261547E+00
5.022907317E+00  3.959141493E+00
5.033983188E+00  5.020602703E+00
5.045059059E+00  3.968535900E+00
5.056134929E+00  5.242354393E+00
5.067210800E+00  4.776073933E+00
5.078286670E+00  4.961477280E+00
5.089362541E+00  4.284330368E+00
5.100438412E+00  4.042206287E+00
5.111514282E+00  4.602962017E+00
5.122590153E+00  4.611039639E+00
5.133666023E+00  6.934162617E+00
5.144741894E+00  6.341638088E+00
5.155817765E+00  6.681952953E+00
5.166893635E+00  6.080674648E+00
5.177969506E+00  6.347751141E+00
5.189045376E+00  6.470682144E+00
5.200121247E+00  5.954207897E+00
5.211197118E+00  6.471235752E+00
5.222272988E+00  6.267775059E+00
5.233348859E+00  7.288074017E+00
5.244424729E+00  6.754341125E+00
5.255500600E+00  6.848155975E+00
5.266576471E+00  7.601847649E+00
5.277652341E+00  8.018159866E+00
5.288728212E+00  9.446273804E+00
5.299804082E+00  8.833705902E+00
5.310879953E+00  1.023322487E+01
5.321955824E+00  9.332729340E+00
5.333031694E+00  9.682170868E+00
5.344107565E+00  8.482860565E+00
5.355183435E+00  8.695631981E+00
5.366259306E+00  9.284640312E+00
5.377335177E+00  8.974594116E+00
5.388411047E+00  1.012175465E+01
5.399486918E+00  8.698351860E+00
5.410562788E+00  1.030604362E+01
5.421638659E+00  8.240777969E+00
5.432714530E+00  8.749535561E+00
5.443790400E+00  7.993376732E+00
5.454866271E+00  9.554427147E+00
5.465942141E+00  1.074449825E+01
5.477018012E+00  1.111511230E+01
5.488093883E+00  1.250293064E+01
5.499169753E+00  1.143735409E+01
5.510245624E+00  1.312868977E+01
5.521321494E+00  1.155641079E+01
5.532397365E+00  1.288223267E+01
5.543473236E+00  1.234366989E+01
5.554549106E+00  1.278698254E+01
5.565624977E+00  1.291471958E+01
5.576700847E+00  1.245356178E+01
5.587776718E+00  1.382324219E+01
5.598852589E+00  1.290765572E+01
5.609928459E+00  1.414443874E+01
5.621004330E+00  1.284490585E+01
5.632080200E+00  1.353875351E+01
5.643156071E+00  1.320635223E+01
5.654231942E+00  1.290141201E+01
5.665307812E+00  1.319066906E+01
5.676383683E+00  1.082941055E+01
5.687459553E+00  1.071886921E+01
5.698535424E+00  8.399375916E+00
5.709611295E+00  9.275333405E+00
5.720687165E+00  8.653057098E+00
5.731763036E+00  1.009721661E+01
5.742838906E+00  1.056047726E+01
5.753914777E+00  1.082673931E+01
5.764990648E+00  1.113845825E+01
5.776066518E+00  9.814821243E+00
5.787142389E+00  1.045621014E+01
5.798218259E+00  1.055908680E+01
5.809294130E+00  1.222338867E+01
5.820370001E+00  1.194526958E+01
5.831445871E+00  1.317154312E+01
5.842521742E+00  1.300965595E+01
5.853597612E+00  1.289773941E+01
5.864673483E+00  1.348803806E+01
5.875749354E+00  1.273041344E+01
5.886825224E+00  1.315433598E+01
5.897901095E+00  1.191893291E+01
5.908976965E+00  1.295972919E+01
5.920052836E+00  1.260644436E+01
5.931128707E+00  1.247875404E+01
5.942204577E+00  1.164106941E+01
5.953280448E+00  1.071497345E+01
5.964356318E+00  1.020038605E+01
5.975432189E+00  9.506935120E+00
5.986508060E+00  1.102353764E+01
5.997583930E+00  1.034959888E+01
6.008659801E+00  1.126986504E+01
6.019735671E+00  1.116652966E+01
6.030811542E+00  1.054351997E+01
6.041887413E+00  1.027503300E+01
6.052963283E+00  9.123471260E+00
6.064039154E+00  1.004767132E+01
6.075115024E+00  8.798352242E+00
6.086190895E+00  1.044155598E+01
6.097266766E+00  1.002989864E+01
6.108342636E+00  1.246072865E+01
6.119418507E+00  1.233598137E+01
6.130494377E+00  1.201136780E+01
6.141570248E+00  1.121673775E+01
6.152646119E+00  1.030692482E+01
6.163721989E+00  1.069277477E+01
6.174797860E+00  1.085957813E+01
6.185873730E+00  1.335485744E+01
6.196949601E+00  1.407254601E+01
6.208025472E+00  1.652972031E+01
6.219101342E+00  1.968630028E+01
6.230177213E+00  2.150034332E+01
6.241253083E+00  2.284248352E+01
6.252328954E+00  2.033783340E+01
6.263404825E+00  1.906326675E+01
6.274480695E+00  1.375334454E+01
6.285556566E+00  1.344350243E+01
6.296632436E+00  1.093185043E+01
6.307708307E+00  1.062938976E+01
6.318784178E+00  9.001667976E+00
6.329860048E+00  8.686458588E+00
6.340935919E+00  8.829451561E+00
6.352011789E+00  9.205600739E+00
6.363087660E+00  1.119531727E+01
6.374163531E+00  1.106780148E+01
6.385239401E+00  1.190658092E+01
6.396315272E+00  9.983415604E+00
6.407391142E+00  9.680174828E+00
6.418467013E+00  9.029857635E+00
6.429542884E+00  9.078650475E+00
6.440618754E+00  8.945020676E+00
6.451694625E+00  7.511482716E+00
6.462770495E+00  8.318280220E+00
6.473846366E+00  7.722202301E+00
6.484922237E+00  8.396948814E+00
6.495998107E+00  7.280522346E+00
6.507073978E+00  7.054473877E+00
6.518149848E+00  6.650741577E+00
6.529225719E+00  6.305483818E+00
6.540301590E+00  6.596676350E+00
6.551377460E+00  6.027242661E+00
6.562453331E+00  6.735503674E+00
6.573529201E+00  6.555844307E+00
6.584605072E+00  7.202550888E+00
6.595680943E+00  7.030553818E+00
6.606756813E+00  6.984154701E+00
6.617832684E+00  6.832622051E+00
6.628908554E+00  5.792015076E+00
6.639984425E+00  5.349280357E+00
6.651060296E+00  3.557778835E+00
6.662136166E+00  4.486139774E+00
6.673212037E+00  3.862544298E+00
6.684287907E+00  5.683609962E+00
6.695363778E+00  5.153232098E+00
6.706439649E+00  6.704677105E+00
6.717515519E+00  6.634122849E+00
6.728591390E+00  6.909009457E+00
6.739667260E+00  7.325750828E+00
6.750743131E+00  6.299648285E+00
6.761819002E+00  5.754297256E+00
6.772894872E+00  3.908446074E+00
6.783970743E+00  3.824582100E+00
6.795046613E+00  3.509515285E+00
6.806122484E+00  4.262399197E+00
6.817198355E+00  4.367356777E+00
6.828274225E+00  4.231908321E+00
6.839350096E+00  3.202277184E+00
6.850425966E+00  2.534216404E+00
6.861501837E+00  3.617981911E+00
6.872577708E+00  3.388855696E+00
6.883653578E+00  4.690427780E+00
6.894729449E+00  5.077086449E+00
6.905805319E+00  5.552420616E+00
6.916881190E+00  5.403938770E+00
6.927957061E+00  5.036077976E+00
6.939032931E+00  4.483141899E+00
6.950108802E+00  3.451661348E+00
6.961184672E+00  3.873008490E+00
6.972260543E+00  3.612869263E+00
6.983336414E+00  3.559380531E+00
6.994412284E+00  2.542808056E+00
7.005488155E+00  2.410865784E+00
7.016564025E+00  2.938629150E+00
7.027639896E+00  2.460006952E+00
7.038715767E+00  3.102482557E+00
7.049791637E+00  1.869025946E+00
7.060867508E+00  2.028963327E+00
7.071943378E+00  1.158872604E+00
7.083019249E+00  2.144048929E+00
7.094095120E+00  2.139078140E+00
7.105170990E+00  2.688564539E+00
7.116246861E+00  2.873373270E+00
7.127322731E+00  2.077842236E+00
7.138398602E+00  1.592933297E+00
7.149474473E+00  6.029273272E-01
7.160550343E+00  1.109985113E+00
7.171626214E+00  2.094168812E-01
7.182702084E+00  1.323447585E+00
7.193777955E+00  1.994430065E+00
7.204853826E+00  3.228229284E+00
7.215929696E+00  3.898152590E+00
7.227005567E+00  4.336625576E+00
7.238081437E+00  4.817003250E+00
7.249157308E+00  3.814067125E+00
7.260233179E+00  3.549925089E+00
7.271309049E+00  1.646963239E+00
7.282384920E+00  1.356484532E+00
7.293460790E+00  7.278973460E-01
7.304536661E+00  1.276355088E-01
7.315612532E+00  -2.920921147E-01
7.326688402E+00  -6.012370586E-01
7.337764273E+00  4.412911832E-01
7.348840143E+00  1.109303832E+00
7.359916014E+00  2.931377888E+00
7.370991885E+00  2.532652378E+00
7.382067755E+00  3.119812012E+00
7.393143626E+00  1.698738575E+00
7.404219496E+00  1.022995234E+00
7.415295367E+00  7.659457922E-01
7.426371238E+00  8.996675909E-02
7.437447108E+00  2.139516771E-01
7.448522979E+00  -2.251175046E-01
7.459598849E+00  1.861886263E+00
7.470674720E+00  2.105589628E+00
7.481750591E+00  3.639178276E+00
7.492826461E+00  3.778204918E+00
7.503902332E+00  3.863606691E+00
7.514978202E+00  2.902329683E+00
7.526054073E+00  1.637396336E+00
7.537129944E+00  1.527764320E+00
7.548205814E+00  1.061557412E+00
7.559281685E+00  1.147301555E+00
7.570357555E+00  -8.378580213E-01
7.581433426E+00  -5.171510577E-01
7.592509297E+00  1.226587594E-01
7.603585167E+00  8.759269714E-01
7.614661038E+00  1.731580853E+00
7.625736908E+00  1.599681854E+00
7.636812779E+00  1.925928235E+00
7.647888650E+00  1.226811171E+00
7.658964520E+00  2.327896833E+00
7.670040391E+00  1.727596402E+00
7.681116261E+00  2.796995640E+00
7.692192132E+00  1.398263693E+00
7.703268003E+00  1.152964234E+00
7.714343873E+00  6.612947583E-01
7.725419744E+00  5.359005332E-01
7.736495614E+00  8.966265321E-01
7.747571485E+00  1.560406238E-01
7.758647356E+00  1.631617069E+00
7.769723226E+00  9.201269150E-01
7.780799097E+00  2.721491814E+00
7.791874967E+00  1.595986247E+00
7.802950838E+00  2.487188578E+00
7.814026709E+00  1.968929291E+00
7.825102579E+00  2.114433050E+00
7.836178450E+00  1.970806479E+00
7.847254320E+00  1.212725520E+00
7.858330191E+00  2.184794664E+00
7.869406062E+00  1.203549743E+00
7.880481932E+00  1.473595858E+00
7.891557803E+00  -2.175670862E-01
7.902633673E+00  -4.679283202E-01
7.913709544E+00  -1.598367572E+00
7.924785415E+00  -8.654232025E-01
7.935861285E+00  6.817744374E-01
7.946937156E+00  2.371181250E+00
7.958013026E+00  4.741580009E+00
7.969088897E+00  5.905861378E+00
7.980164768E+00  7.340086937E+00
7.991240638E+00  6.367986679E+00
8.002316509E+00  6.036935329E+00
8.013392379E+00  5.013336658E+00
8.024468250E+00  4.267319202E+00
8.035544121E+00  3.880837917E+00
8.046619991E+00  3.121528387E+00
8.057695862E+00  3.164630413E+00
8.068771732E+00  1.476532221E+00
8.079847603E+00  2.100902796E+00
8.090923474E+00  8.670660853E-01
8.101999344E+00  1.336410761E+00
8.113075215E+00  8.176496625E-01
8.124151085E+00  2.784393728E-01
8.135226956E+00  3.431829512E-01
8.146302827E+00  -8.538868278E-02
8.157378697E+00  9.813997149E-01
8.168454568E+00  -1.193817258E-01
8.179530438E+00  1.521608591E+00
8.190606309E+00  2.520714700E-01
8.201682180E+00  2.747226954E+00
8.212758050E+00  2.207811832E+00
8.223833921E+00  1.946747661E+00
8.234909791E+00  8.436099887E-01
8.245985662E+00  2.160858065E-01
8.257061533E+00  1.317166448E+00
8.268137403E+00  1.041933894E+00
8.279213274E+00  3.292916298E+00
8.290289144E+00  2.521958113E+00
8.301365015E+00  4.442133427E+00
8.312440886E+00  3.677891493E+00
8.323516756E+00  4.437176704E+00
8.334592627E+00  3.034986496E+00
8.345668497E+00  2.243957758E+00
8.356744368E+00  8.329403996E-01
8.367820239E+00  -3.648878038E-01
8.378896109E+00  -3.758491576E-01
8.389971980E+00  -9.848142862E-01
8.401047850E+00  -4.733497743E-03
8.412123721E+00  -1.167139769E+00
8.423199592E+00  -3.146538138E-01
8.434275462E+00  -3.687571585E-01
8.445351333E+00  1.057048321E+00
8.456427203E+00  2.444472313E+00
8.467503074E+00  4.414502621E+00
8.478578945E+00  6.853750229E+00
8.489654815E+00  6.331561565E+00
8.500730686E+00  7.152875423E+00
8.511806556E+00  4.395089626E+00
8.522882427E+00  4.165629387E+00
8.533958298E+00  3.188494444E+00
8.545034168E+00  3.712463617E+00
8.556110039E+00  3.323716640E+00
8.567185909E+00  2.360141516E+00
8.578261780E+00  2.246295452E+00
8.589337651E+00  8.369112611E-01
8.600413521E+00  1.972440004E+00
8.611489392E+00  6.479961872E-01
8.622565262E+00  2.394462109E+00
8.633641133E+00  2.163009405E+00
8.644717004E+00  3.285060644E+00
8.655792874E+00  2.896605492E+00
8.666868745E+00  3.017792225E+00
8.677944615E+00  3.685738564E+00
8.689020486E+00  3.432805300E+00
8.700096357E+00  4.393651485E+00
8.711172227E+00  3.116269350E+00
8.722248098E+00  4.912937641E+00
8.733323968E+00  5.203971386E+00
8.744399839E+00  7.483419418E+00
8.755475710E+00  8.252659798E+00
8.766551580E+00  9.530287743E+00
8.777627451E+00  9.993226051E+00
8.788703321E+00  9.989668846E+00
8.799779192E+00  1.101600552E+01
8.810855063E+00  1.067288113E+01
8.821930933E+00  1.245010090E+01
8.833006804E+00  1.259517002E+01
8.844082674E+00  1.426049900E+01
8.855158545E+00  1.458849812E+01
8.866234416E+00  1.653346634E+01
8.877310286E+00  1.707045937E+01
8.888386157E+00  1.774667931E+01
8.899462027E+00  1.823921394E+01
8.910537898E+00  1.841692734E+01
8.921613769E+00  1.987560844E+01
8.932689639E+00  2.050207138E+01
8.943765510E+00  2.241090775E+01
8.954841380E+00  2.237259483E+01
8.965917251E+00  2.374623489E+01
8.976993122E+00  2.380218124E+01
8.988068992E+00  2.572326660E+01
8.999144863E+00  2.782610512E+01
9.010220733E+00  2.982965851E+01
9.021296604E+00  3.206079102E+01
9.032372475E+00  3.282927322E+01
9.043448345E+00  3.544915009E+01
9.054524216E+00  3.673152924E+01
9.065600086E+00  3.947701263E+01
9.076675957E+00  4.185815048E+01
9.087751828E+00  4.567736435E+01
9.098827698E+00  4.994691467E+01
9.109903569E+00  5.480465698E+01
9.120979439E+00  6.079030228E+01
9.132055310E+00  6.738886261E+01
9.143131181E+00  7.855361176E+01
9.154207051E+00  8.930322266E+01
9.165282922E+00  1.289411774E+02
9.176358792E+00  1.628399048E+02
9.187434663E+00  2.176055908E+02
9.198510534E+00  2.612331848E+02
9.209586404E+00  2.905368958E+02
9.220662275E+00  3.210320435E+02
9.231738145E+00  3.553341675E+02
9.242814016E+00  3.951896667E+02
9.253889887E+00  4.196906433E+02
9.264965757E+00  4.517880554E+02
9.276041628E+00  4.576501160E+02
9.287117498E+00  4.590005188E+02
9.298193369E+00  4.406664124E+02
9.309269240E+00  4.173984985E+02
9.320345110E+00  3.642834778E+02
9.331420981E+00  3.311344299E+02
9.342496851E+00  2.867708740E+02
9.353572722E+00  2.625203247E+02
9.364648593E+00  2.419892120E+02
9.375724463E+00  2.242704468E+02
9.386800334E+00  2.140883636E+02
9.397876205E+00  2.019692688E+02
9.408952075E+00  1.910139313E+02
9.420027946E+00  1.819874115E+02
9.431103816E+00  1.736094666E+02
9.442179687E+00  1.698021393E+02
9.453255558E+00  1.714055634E+02
9.464331428E+00  1.792516785E+02
9.475407299E+00  1.929572144E+02
9.486483169E+00  2.133661957E+02
9.497559040E+00  2.484470367E+02
9.508634911E+00  2.919918823E+02
9.519710781E+00  3.434924316E+02
9.530786652E+00  3.785422668E+02
9.541862522E+00  4.064083557E+02
9.552938393E+00  4.144548950E+02
9.564014264E+00  4.175499268E+02
9.575090134E+00  4.177424622E+02
9.586166005E+00  4.312777710E+02
9.597241875E+00  4.277412109E+02
9.608317746E+00  4.176063843E+02
9.619393617E+00  3.884252014E+02
9.630469487E+00  3.553445740E+02
9.641545358E+00  3.029870300E+02
9.652621228E+00  2.450074921E+02
9.663697099E+00  2.015318146E+02
9.674772970E+00  1.598946686E+02
9.685848840E+00  1.359454956E+02
9.696924711E+00  1.163034363E+02
9.708000581E+00  1.022824173E+02
9.719076452E+00  9.090501404E+01
9.730152323E+00  8.254659271E+01
9.741228193E+00  7.569946289E+01
9.752304064E+00  7.188732147E+01
9.763379934E+00  6.930390167E+01
9.774455805E+00  6.651869202E+01
9.785531676E+00  6.367941666E+01
9.796607546E+00  5.964574051E+01
9.807683417E+00  5.814999390E+01
9.818759287E+00  5.564279175E+01
9.829835158E+00  5.525918961E+01
9.840911029E+00  5.304917145E+01
9.851986899E+00  5.173594284E+01
9.863062770E+00  5.022178268E+01
9.874138640E+00  4.896574402E+01
9.885214511E+00  4.880273056E+01
9.896290382E+00  4.783523560E+01
9.907366252E+00  4.740951920E+01
9.918442123E+00  4.553615189E+01
9.929517993E+00  4.556139374E+01
9.940593864E+00  4.467037582E+01
9.951669735E+00  4.486402512E+01
9.962745605E+00  4.463520432E+01
9.973821476E+00  4.353171539E+01
9.984897346E+00  4.130263519E+01
9.995973217E+00  3.792068100E+01
1.000704909E+01  3.562931442E+01
1.001812496E+01  3.326086044E+01
1.002920083E+01  3.274053192E+01
1.004027670E+01  3.025843048E+01
1.005135257E+01  2.976733780E+01
1.006242844E+01  2.774213028E+01
1.007350431E+01  2.625642967E+01
1.008458018E+01  2.458099174E+01
1.009565605E+01  2.410106087E+01
1.010673192E+01  2.348752403E+01
1.011780779E+01  2.251598740E+01
1.012888366E+01  2.250220871E+01
1.013995953E+01  2.142600250E+01
1.015103541E+01  2.203535271E+01
1.016211128E+01  2.061034012E+01
1.017318715E+01  2.138367271E+01
1.018426302E+01  2.127407455E+01
1.019533889E+01  2.211896896E+01
1.020641476E+01  2.262111282E+01
1.021749063E+01  2.438596725E+01
1.022856650E+01  2.587066269E+01
1.023964237E+01  2.828598404E+01
1.025071824E+01  3.155436897E+01
1.026179411E+01  3.359445953E+01
1.027286998E+01  3.763983536E+01
1.028394585E+01  4.039902496E+01
1.029502172E+01  4.512548828E+01
1.030609759E+01  4.831301117E+01
1.031717346E+01  5.490106201E+01
1.032824933E+01  6.088353348E+01
1.033932521E+01  6.826811218E+01
1.035040108E+01  7.696554565E+01
1.036147695E+01  8.646018982E+01
1.037255282E+01  1.006517792E+02
1.038362869E+01  1.150317459E+02
1.039470456E+01  1.319003296E+02
1.040578043E+01  1.483725891E+02
1.041685630E+01  1.623344727E+02
1.042793217E+01  1.680095367E+02
1.043900804E+01  1.706689758E+02
1.045008391E+01  1.667283630E+02
1.046115978E+01  1.640692444E+02
1.047223565E+01  1.746366119E+02
1.048331152E+01  1.910770111E+02
1.049438739E+01  1.982765045E+02
1.050546326E+01  1.895084534E+02
1.051653914E+01  1.601452484E+02
1.052761501E+01  1.322272339E+02
1.053869088E+01  9.351902771E+01
1.054976675E+01  6.680854797E+01
1.056084262E+01  4.803240204E+01
1.057191849E+01  3.779212952E+01
1.058299436E+01  3.094122887E+01
1.059407023E+01  2.762971878E+01
1.060514610E+01  2.401116371E+01
1.061622197E+01  2.227002335E+01
1.062729784E+01  1.935260963E+01
1.063837371E+01  1.798857117E+01
1.064944958E+01  1.562778378E+01
1.066052545E+01  1.473881340E+01
1.067160132E+01  1.369319248E+01
1.068267719E+01  1.385245800E+01
1.069375306E+01  1.353604412E+01
1.070482894E+01  1.336455059E+01
1.071590481E+01  1.211410713E+01
1.072698068E+01  1.120599747E+01
1.073805655E+01  9.878541946E+00
1.074913242E+01  9.202957153E+00
1.076020829E+01  8.430529594E+00
1.077128416E+01  7.272400379E+00
1.078236003E+01  6.506252289E+00
1.079343590E+01  4.740228176E+00
1.080451177E+01  3.745326042E+00
1.081558764E+01  2.912065506E+00
1.082666351E+01  1.508787274E+00
1.083773938E+01  1.222912788E+00
1.084881525E+01  3.837218583E-01
1.085989112E+01  1.126212329E-01
1.087096699E+01  -5.497812629E-01
1.088204286E+01  -7.416995764E-01
1.089311874E+01  -7.645451427E-01
1.090419461E+01  -9.498707652E-01
1.091527048E+01  -9.478239417E-01
1.092634635E+01  -1.004368782E+00
1.093742222E+01  4.518252611E-02
1.094849809E+01  5.636445284E-01
1.095957396E+01  1.550434232E+00
1.097064983E+01  8.831472397E-01
1.098172570E+01  1.242239714E+00
1.099280157E+01  1.104069114E+00
1.100387744E+01  1.503954649E+00
1.101495331E+01  1.951337934E+00
1.102602918E+01  1.489961982E+00
1.103710505E+01  1.452509761E+00
1.104818092E+01  5.832827687E-01
1.105925679E+01  1.010979176E+00
1.107033267E+01  9.586536288E-01
1.108140854E+01  2.220400572E+00
1.109248441E+01  2.497534752E+00
1.110356028E+01  4.541902065E+00
1.111463615E+01  4.151726246E+00
1.112571202E+01  4.514627457E+00
1.113678789E+01  5.523416042E+00
1.114786376E+01  6.197356224E+00
1.115893963E+01  7.323647022E+00
1.117001550E+01  7.707784176E+00
1.118109137E+01  9.932961464E+00
1.119216724E+01  1.163558197E+01
1.120324311E+01  1.353492069E+01
1.121431898E+01  1.357411480E+01
1.122539485E+01  1.468688583E+01
1.123647072E+01  1.564385605E+01
1.124754659E+01  1.845403290E+01
1.125862247E+01  1.998834801E+01
1.126969834E+01  2.130204201E+01
1.128077421E+01  2.197218513E+01
1.129185008E+01  2.261917305E+01
1.130292595E+01  2.381418419E+01
1.131400182E+01  2.402816010E+01
1.132507769E+01  2.474619102E+01
1.133615356E+01  2.336838341E+01
1.134722943E+01  2.354458618E+01
1.135830530E+01  2.191791344E+01
1.136938117E+01  2.246679306E+01
1.138045704E+01  2.132430267E+01
1.139153291E+01  2.164730453E+01
1.140260878E+01  2.159593964E+01
1.141368465E+01  2.220900154E+01
1.142476052E+01  2.330810547E+01
1.143583639E+01  2.365540123E+01
1.144691227E+01  2.449227715E+01
1.145798814E+01  2.378887177E+01
1.146906401E+01  2.532255936E+01
1.148013988E+01  2.480637360E+01
1.149121575E+01  2.562668228E+01
1.150229162E+01  2.535624313E+01
1.151336749E+01  2.508721542E+01
1.152444336E+01  2.360462379E+01
1.153551923E+01  2.067127228E+01
1.154659510E+01  1.810354614E+01
1.155767097E+01  1.583941364E+01
1.156874684E+01  1.566522694E+01
1.157982271E+01  1.484438896E+01
1.159089858E+01  1.553251457E+01
1.160197445E+01  1.384261799E+01
1.161305032E+01  1.415871143E+01
1.162412620E+01  1.339935684E+01
1.163520207E+01  1.375509357E+01
1.164627794E+01  1.365218449E+01
1.165735381E+01  1.249712467E+01
1.166842968E+01  1.073377228E+01
1.167950555E+01  9.157431602E+00
1.169058142E+01  9.468572617E+00
1.170165729E+01  8.593380928E+00
1.171273316E+01  8.723439217E+00
1.172380903E+01  6.335619450E+00
1.173488490E+01  5.154366493E+00
1.174596077E+01  2.436124802E+00
1.175703664E+01  1.542089105E+00
1.176811251E+01  3.066168427E-01
1.177918838E+01  4.334674180E-01
1.179026425E+01  -1.803438962E-01
1.180134012E+01  -1.250209689E+00
1.181241600E+01  -1.856981158E+00
1.182349187E+01  -2.533516169E+00
1.183456774E+01  -2.138212919E+00
1.184564361E+01  -2.938873053E+00
1.185671948E+01  -1.898954511E+00
1.186779535E+01  -2.666831017E+00
1.187887122E+01  -1.242538452E+00
1.188994709E+01  -1.913688302E+00
1.190102296E+01  -1.735203862E+00
1.191209883E+01  -1.693016529E+00
1.192317470E+01  -1.596643806E+00
1.193425057E+01  -1.253262043E+00
1.194532644E+01  -9.152157903E-01
1.195640231E+01  -1.437881142E-01
1.196747818E+01  -6.552699804E-01
1.197855405E+01  -2.667613328E-01
1.198962993E+01  -5.543748736E-01
1.200070580E+01  6.051377654E-01
1.201178167E+01  9.264750481E-01
1.202285754E+01  1.870326042E+00
1.203393341E+01  1.630064368E+00
1.204500928E+01  1.775179625E+00
1.205608515E+01  2.871638298E+00
1.206716102E+01  3.908030510E+00
1.207823689E+01  5.490026951E+00
1.208931276E+01  5.448043346E+00
1.210038863E+01  7.307090759E+00
1.211146450E+01  7.552273273E+00
1.212254037E+01  8.985115051E+00
1.213361624E+01  8.615035057E+00
1.214469211E+01  9.320724487E+00
1.215576798E+01  8.197313309E+00
1.216684385E+01  8.882908821E+00
1.217791973E+01  8.204588890E+00
1.218899560E+01  8.560357094E+00
1.220007147E+01  8.634113312E+00
1.221114734E+01  8.234392166E+00
1.222222321E+01  7.391897202E+00
1.223329908E+01  6.280400276E+00
1.224437495E+01  6.413395405E+00
1.225545082E+01  6.438161373E+00
1.226652669E+01  7.989892483E+00
1.227760256E+01  8.880901337E+00
1.228867843E+01  1.097159290E+01
1.229975430E+01  1.181841087E+01
1.231083017E+01  1.306067657E+01
1.232190604E+01  1.406390381E+01
1.233298191E+01  1.485948753E+01
1.234405778E+01  1.553423595E+01
1.235513365E+01  1.442421246E+01
1.236620953E+01  1.422631264E+01
1.237728540E+01  1.288582993E+01
1.238836127E+01  1.211159706E+01
1.239943714E+01  1.074024010E+01
1.241051301E+01  1.178183651E+01
1.242158888E+01  1.226524353E+01
1.243266475E+01  1.383515263E+01
1.244374062E+01  1.518604183E+01
1.245481649E+01  1.677018929E+01
1.246589236E+01  1.831536674E+01
1.247696823E+01  1.988819695E+01
1.248804410E+01  2.227770424E+01
1.249911997E+01  2.445623589E+01
1.251019584E+01  2.748182487E+01
1.252127171E+01  2.969324684E+01
1.253234758E+01  3.266558456E+01
1.254342346E+01  3.264907837E+01
1.255449933E+01  3.277078629E+01
1.256557520E+01  3.142825317E+01
1.257665107E+01  2.945516396E+01
1.258772694E+01  2.652332497E+01
1.259880281E+01  2.335323334E+01
1.260987868E+01  2.089388657E+01
1.262095455E+01  1.658621025E+01
1.263203042E+01  1.460792828E+01
1.264310629E+01  1.120120907E+01
1.265418216E+01  1.033183861E+01
1.266525803E+01  8.406506538E+00
1.267633390E+01  8.371077538E+00
1.268740977E+01  6.912611961E+00
1.269848564E+01  7.062644482E+00
1.270956151E+01  6.151160717E+00
1.272063738E+01  6.187579155E+00
1.273171326E+01  6.897863388E+00
1.274278913E+01  8.329012871E+00
1.275386500E+01  1.038544083E+01
1.276494087E+01  1.214697170E+01
1.277601674E+01  1.425958252E+01
1.278709261E+01  1.408250427E+01
1.279816848E+01  1.310435867E+01
1.280924435E+01  9.713298798E+00
1.282032022E+01  8.279041290E+00
1.283139609E+01  4.833413124E+00
1.284247196E+01  3.817051649E+00
1.285354783E+01  2.201477528E+00
1.286462370E+01  2.351034403E+00
1.287569957E+01  2.318665743E+00
1.288677544E+01  2.536222219E+00
1.289785131E+01  3.263438225E+00
1.290892718E+01  3.734172583E+00
1.292000306E+01  5.763952255E+00
1.293107893E+01  6.654758930E+00
1.294215480E+01  9.209921837E+00
1.295323067E+01  1.059727669E+01
1.296430654E+01  1.263115120E+01
1.297538241E+01  1.313393497E+01
1.298645828E+01  1.491752625E+01
1.299753415E+01  1.566236115E+01
1.300861002E+01  1.627336884E+01
1.301968589E+01  1.562607193E+01
1.303076176E+01  1.487395000E+01
1.304183763E+01  1.363399506E+01
1.305291350E+01  1.162452507E+01
1.306398937E+01  1.137490177E+01
1.307506524E+01  1.041547203E+01
1.308614111E+01  1.099961567E+01
1.309721699E+01  1.021372795E+01
1.310829286E+01  1.069999981E+01
1.311936873E+01  9.829633713E+00
1.313044460E+01  1.093600082E+01
1.314152047E+01  1.146661568E+01
1.315259634E+01  1.339463615E+01
1.316367221E+01  1.632469940E+01
1.317474808E+01  1.942260551E+01
1.318582395E+01  2.341031647E+01
1.319689982E+01  2.619718170E+01
1.320797569E+01  3.172258377E+01
1.321905156E+01  3.742298508E+01
1.323012743E+01  4.552476501E+01
1.324120330E+01  5.494426346E+01
1.325227917E+01  6.524771118E+01
1.326335504E+01  7.519972992E+01
1.327443091E+01  8.688780212E+01
1.328550679E+01  9.952857208E+01
1.329658266E+01  1.105178909E+02
1.330765853E+01  1.228971252E+02
1.331873440E+01  1.300723724E+02
1.332981027E+01  1.356745911E+02
1.334088614E+01  1.367737274E+02
1.335196201E+01  1.355937653E+02
1.336303788E+01  1.297151337E+02
1.337411375E+01  1.238029709E+02
1.338518962E+01  1.142897720E+02
1.339626549E+01  1.065032730E+02
1.340734136E+01  9.963011169E+01
1.341841723E+01  9.380636597E+01
1.342949310E+01  8.848161316E+01
1.344056897E+01  8.298456573E+01
1.345164484E+01  8.045497131E+01
1.346272071E+01  7.778915405E+01
1.347379659E+01  7.881607056E+01
1.348487246E+01  8.270156860E+01
1.349594833E+01  8.809343719E+01
1.350702420E+01  9.384868622E+01
1.351810007E+01  9.910019684E+01
1.352917594E+01  1.011175613E+02
1.354025181E+01  1.040072937E+02
1.355132768E+01  9.983974457E+01
1.356240355E+01  9.635520172E+01
1.357347942E+01  8.692431641E+01
1.358455529E+01  7.832444763E+01
1.359563116E+01  6.711203003E+01
1.360670703E+01  5.839986801E+01
1.361778290E+01  5.056688690E+01
1.362885877E+01  4.458647156E+01
1.363993464E+01  4.043421173E+01
1.365101052E+01  3.604368973E+01
1.366208639E+01  3.408676147E+01
1.367316226E+01  3.119646454E+01
1.368423813E+01  3.038253403E+01
1.369531400E+01  2.769058609E+01
1.370638987E+01  2.711447716E+01
1.371746574E+01  2.460776711E+01
1.372854161E+01  2.331567001E+01
1.373961748E+01  2.012215424E+01
1.375069335E+01  1.756499863E+01
1.376176922E+01  1.574715710E+01
1.377284509E+01  1.436264706E+01
1.378392096E+01  1.371436596E+01
1.379499683E+01  1.266233730E+01
1.380607270E+01  1.167693043E+01
1.381714857E+01  1.015844536E+01
1.382822444E+01  9.291601181E+00
1.383930032E+01  7.952521324E+00
1.385037619E+01  7.872306347E+00
1.386145206E+01  5.521801949E+00
1.387252793E+01  5.709987164E+00
1.388360380E+01  4.673085690E+00
1.389467967E+01  5.081403255E+00
1.390575554E+01  3.256611586E+00
1.391683141E+01  3.187375069E+00
1.392790728E+01  2.842095375E+00
1.393898315E+01  2.892299652E+00
1.395005902E+01  3.153803825E+00
1.396113489E+01  3.150433064E+00
1.397221076E+01  3.201424837E+00
1.398328663E+01  1.609173298E+00
1.399436250E+01  2.352344990E+00
1.400543837E+01  1.402773380E+00
1.401651424E+01  2.580684185E+00
1.402759012E+01  1.192146540E+00
1.403866599E+01  2.246846676E+00
1.404974186E+01  1.524982929E+00
1.406081773E+01  2.539179802E+00
1.407189360E+01  2.564029217E+00
1.408296947E+01  3.073102713E+00
1.409404534E+01  2.678648233E+00
1.410512121E+01  2.372802258E+00
1.411619708E+01  3.148682117E+00
1.412727295E+01  3.153951883E+00
1.413834882E+01  4.755763531E+00
1.414942469E+01  4.640610218E+00
1.416050056E+01  6.170527458E+00
1.417157643E+01  5.640172958E+00
1.418265230E+01  7.363986015E+00
1.419372817E+01  6.547523975E+00
1.420480405E+01  7.548204422E+00
1.421587992E+01  6.310120583E+00
1.422695579E+01  5.768093586E+00
1.423803166E+01  4.574477673E+00
1.424910753E+01  4.679239750E+00
1.426018340E+01  4.353396893E+00
1.427125927E+01  4.970507622E+00
1.428233514E+01  6.128501415E+00
1.429341101E+01  5.342547417E+00
1.430448688E+01  5.084116936E+00
1.431556275E+01  3.887429237E+00
1.432663862E+01  3.941735506E+00
1.433771449E+01  2.937022209E+00
1.434879036E+01  4.002975941E+00
1.435986623E+01  2.804197311E+00
1.437094210E+01  3.097818136E+00
1.438201797E+01  1.452006698E+00
1.439309385E+01  9.779019952E-01
1.440416972E+01  1.504129022E-01
1.441524559E+01  3.121250570E-01
1.442632146E+01  3.664153814E-01
1.443739733E+01  1.053326428E-01
1.444847320E+01  4.642359912E-01
1.445954907E+01  -2.045238763E-01
1.447062494E+01  1.165270090E+00
1.448170081E+01  1.900087833E+00
1.449277668E+01  5.222393513E+00
1.450385255E+01  6.623937607E+00
1.451492842E+01  1.049783516E+01
1.452600429E+01  1.184755039E+01
1.453708016E+01  1.520755196E+01
1.454815603E+01  1.743896484E+01
1.455923190E+01  2.133577347E+01
1.457030777E+01  2.403570938E+01
1.458138365E+01  2.994627571E+01
1.459245952E+01  3.552209473E+01
1.460353539E+01  4.159277725E+01
1.461461126E+01  5.863344574E+01
1.462568713E+01  7.464607239E+01
1.463676300E+01  8.851811981E+01
1.464783887E+01  9.406235504E+01
1.465891474E+01  9.532638550E+01
1.466999061E+01  9.216226196E+01
1.468106648E+01  7.703776550E+01
1.469214235E+01  6.044337082E+01
1.470321822E+01  4.757828522E+01
1.471429409E+01  3.976330566E+01
1.472536996E+01  3.479479980E+01
1.473644583E+01  2.897084618E+01
1.474752170E+01  2.499625778E+01
1.475859758E+01  2.078361130E+01
1.476967345E+01  1.804015541E+01
1.478074932E+01  1.520970345E+01
1.479182519E+01  1.305516624E+01
1.480290106E+01  1.153012180E+01
1.481397693E+01  1.005713844E+01
1.482505280E+01  9.562204361E+00
1.483612867E+01  8.630237579E+00
1.484720454E+01  9.780971527E+00
1.485828041E+01  9.325397491E+00
1.486935628E+01  1.167533398E+01
1.488043215E+01  1.215129185E+01
1.489150802E+01  1.522465801E+01
1.490258389E+01  1.627551460E+01
1.491365976E+01  1.883725739E+01
1.492473563E+01  1.898918724E+01
1.493581150E+01  1.952812958E+01
1.494688738E+01  1.816619492E+01
1.495796325E+01  1.698414803E+01
1.496903912E+01  1.518018532E+01
1.498011499E+01  1.195201588E+01
1.499119086E+01  9.720250130E+00
1.500226673E+01  7.287336349E+00
1.501334260E+01  6.781653404E+00
1.502441847E+01  5.144568443E+00
1.503549434E+01  4.831611633E+00
1.504657021E+01  3.113012314E+00
1.505764608E+01  3.059051275E+00
1.506872195E+01  7.661345601E-01
1.507979782E+01  1.103131771E+00
1.509087369E+01  2.914538980E-01
1.510194956E+01  8.188723326E-01
1.511302543E+01  1.348310113E-01
1.512410130E+01  8.613839746E-01
1.513517718E+01  6.476877928E-01
1.514625305E+01  1.067706347E+00
1.515732892E+01  1.309664369E+00
1.516840479E+01  1.844259739E+00
1.517948066E+01  2.128521442E+00
1.519055653E+01  2.680516005E+00
1.520163240E+01  4.916994572E+00
1.521270827E+01  6.243479729E+00
1.522378414E+01  8.857732773E+00
1.523486001E+01  9.473144531E+00
1.524593588E+01  1.242053509E+01
1.525701175E+01  1.316647339E+01
1.526808762E+01  1.657108116E+01
1.527916349E+01  1.722470856E+01
1.529023936E+01  2.024969101E+01
1.530131523E+01  2.209697533E+01
1.531239111E+01  2.569797897E+01
1.532346698E+01  2.959422874E+01
1.533454285E+01  3.528892517E+01
1.534561872E+01  4.200840378E+01
1.535669459E+01  4.790601730E+01
1.536777046E+01  5.452621460E+01
1.537884633E+01  5.949695969E+01
1.538992220E+01  6.507901001E+01
1.540099807E+01  6.847991180E+01
1.541207394E+01  7.179612732E+01
1.542314981E+01  7.166000366E+01
1.543422568E+01  7.052321625E+01
1.544530155E+01  6.656474304E+01
1.545637742E+01  6.395281219E+01
1.546745329E+01  5.944037628E+01
1.547852916E+01  5.664072800E+01
1.548960503E+01  5.329680252E+01
1.550068091E+01  5.070426559E+01
1.551175678E+01  4.669588852E+01
1.552283265E+01  4.402729797E+01
1.553390852E+01  4.051099777E+01
1.554498439E+01  3.811403275E+01
1.555606026E+01  3.552414322E+01
1.556713613E+01  3.257141113E+01
1.557821200E+01  3.073215103E+01
1.558928787E+01  2.743384361E+01
1.560036374E+01  2.468478394E+01
1.561143961E+01  1.972153091E+01
1.562251548E+01  1.675867462E+01
1.563359135E+01  1.248076820E+01
1.564466722E+01  1.122348881E+01
1.565574309E+01  8.030762672E+00
1.566681896E+01  7.522930145E+00
1.567789483E+01  5.517352104E+00
1.568897071E+01  5.493741512E+00
1.570004658E+01  3.276047468E+00
1.571112245E+01  2.406968832E+00
1.572219832E+01  9.445841312E-01
1.573327419E+01  6.708482504E-01
1.574435006E+01  1.531160176E-01
1.575542593E+01  -1.662578434E-01
1.576650180E+01  -2.213833928E-01
1.577757767E+01  -4.827472866E-01
1.578865354E+01  -4.784528017E-01
1.579972941E+01  -5.383600593E-01
1.581080528E+01  9.087949395E-01
1.582188115E+01  2.711917460E-01
1.583295702E+01  2.555400372E+00
1.584403289E+01  2.418138981E+00
1.585510876E+01  4.785659790E+00
1.586618464E+01  5.559802532E+00
1.587726051E+01  8.969803810E+00
1.588833638E+01  1.127444363E+01
1.589941225E+01  1.557479000E+01
1.591048812E+01  1.945555687E+01
1.592156399E+01  2.466674614E+01
1.593263986E+01  2.983800125E+01
1.594371573E+01  3.602524185E+01
1.595479160E+01  4.178219223E+01
1.596586747E+01  4.830589294E+01
1.597694334E+01  5.488225555E+01
1.598801921E+01  6.145515823E+01
1.599909508E+01  6.806979370E+01
1.601017095E+01  7.235511780E+01
1.602124682E+01  7.272815704E+01
1.603232269E+01  6.784960938E+01
1.604339856E+01  6.188578415E+01
1.605447444E+01  5.554890060E+01
1.606555031E+01  4.959513092E+01
1.607662618E+01  4.373841095E+01
1.608770205E+01  4.034893036E+01
1.609877792E+01  3.718116379E+01
1.610985379E+01  3.585922241E+01
1.612092966E+01  3.385243225E+01
1.613200553E+01  3.254565048E+01
1.614308140E+01  3.073048782E+01
1.615415727E+01  2.973931503E+01
1.616523314E+01  2.892331886E+01
1.617630901E+01  2.834998894E+01
1.618738488E+01  2.769083023E+01
1.619846075E+01  2.622476578E+01
1.620953662E+01  2.589356995E+01
1.622061249E+01  2.565122032E+01
1.623168836E+01  2.687699509E+01
1.624276424E+01  2.725973892E+01
1.625384011E+01  3.023708534E+01
1.626491598E+01  3.236189651E+01
1.627599185E+01  3.587160873E+01
1.628706772E+01  3.754442596E+01
1.629814359E+01  4.209215546E+01
1.630921946E+01  4.463626099E+01
1.632029533E+01  5.019811630E+01
1.633137120E+01  5.280543518E+01
1.634244707E+01  5.805185318E+01
1.635352294E+01  6.100121689E+01
1.636459881E+01  6.528963470E+01
1.637567468E+01  6.700902557E+01
1.638675055E+01  7.071076965E+01
1.639782642E+01  7.403292847E+01
1.640890229E+01  7.813136292E+01
1.641997817E+01  8.022958374E+01
1.643105404E+01  8.177469635E+01
1.644212991E+01  8.263180542E+01
1.645320578E+01  8.197090912E+01
1.646428165E+01  7.942491150E+01
1.647535752E+01  7.492749023E+01
1.648643339E+01  7.179341888E+01
1.649750926E+01  6.976592255E+01
1.650858513E+01  7.092783356E+01
1.651966100E+01  7.247623444E+01
1.653073687E+01  7.520072937E+01
1.654181274E+01  7.083914185E+01
1.655288861E+01  6.454313660E+01
1.656396448E+01  5.259569550E+01
1.657504035E+01  4.419021225E+01
1.658611622E+01  3.581840134E+01
1.659719209E+01  3.202275848E+01
1.660826797E+01  2.867902756E+01
1.661934384E+01  2.653622818E+01
1.663041971E+01  2.436291695E+01
1.664149558E+01  2.334926796E+01
1.665257145E+01  2.210098076E+01
1.666364732E+01  2.068541908E+01
1.667472319E+01  1.952370453E+01
1.668579906E+01  1.810384560E+01
1.669687493E+01  1.711037827E+01
1.670795080E+01  1.637237358E+01
1.671902667E+01  1.736171150E+01
1.673010254E+01  1.719627571E+01
1.674117841E+01  1.867460251E+01
1.675225428E+01  1.783253670E+01
1.676333015E+01  1.857872009E+01
1.677440602E+01  1.756032372E+01
1.678548190E+01  1.844697189E+01
1.679655777E+01  1.725107002E+01
1.680763364E+01  1.676480103E+01
1.681870951E+01  1.506135941E+01
1.682978538E+01  1.438386059E+01
1.684086125E+01  1.314656448E+01
1.685193712E+01  1.261846828E+01
1.686301299E+01  1.163937378E+01
1.687408886E+01  1.195753098E+01
1.688516473E+01  1.140322495E+01
1.689624060E+01  1.109043598E+01
1.690731647E+01  1.018612576E+01
1.691839234E+01  9.207846642E+00
1.692946821E+01  8.710750580E+00
1.694054408E+01  8.552977562E+00
1.695161995E+01  8.998672485E+00
1.696269582E+01  9.709450722E+00
1.697377170E+01  1.158667660E+01
1.698484757E+01  1.389036274E+01
1.699592344E+01  1.643008804E+01
1.700699931E+01  1.816753769E+01
1.701807518E+01  2.127851295E+01
1.702915105E+01  2.367197227E+01
1.704022692E+01  2.815581131E+01
1.705130279E+01  3.229427338E+01
1.706237866E+01  3.751367188E+01
1.707345453E+01  4.234481430E+01
1.708453040E+01  4.868570328E+01
1.709560627E+01  5.261500549E+01
1.710668214E+01  5.796628952E+01
1.711775801E+01  5.977452469E+01
1.712883388E+01  6.333788300E+01
1.713990975E+01  6.485663605E+01
1.715098562E+01  6.590433502E+01
1.716206150E+01  6.669715118E+01
1.717313737E+01  6.687064362E+01
1.718421324E+01  6.602012634E+01
1.719528911E+01  6.467253876E+01
1.720636498E+01  6.324203491E+01
1.721744085E+01  6.098408127E+01
1.722851672E+01  6.068855667E+01
1.723959259E+01  6.013778687E+01
1.725066846E+01  6.077253723E+01
1.726174433E+01  6.047351074E+01
1.727282020E+01  6.141755295E+01
1.728389607E+01  6.184132767E+01
1.729497194E+01  6.485551453E+01
1.730604781E+01  6.755198669E+01
1.731712368E+01  7.261418152E+01
1.732819955E+01  7.675189209E+01
1.733927543E+01  8.323812866E+01
1.735035130E+01  8.922897339E+01
1.736142717E+01  9.778917694E+01
1.737250304E+01  1.056695328E+02
1.738357891E+01  1.167253189E+02
1.739465478E+01  1.278286438E+02
1.740573065E+01  1.422195435E+02
1.741680652E+01  1.576424255E+02
1.742788239E+01  1.751434784E+02
1.743895826E+01  1.912944641E+02
1.745003413E+01  2.066623230E+02
1.746111000E+01  2.184010925E+02
1.747218587E+01  2.267617645E+02
1.748326174E+01  2.276537323E+02
1.749433761E+01  2.233306580E+02
1.750541348E+01  2.133069153E+02
1.751648935E+01  2.014054718E+02
1.752756523E+01  1.875498962E+02
1.753864110E+01  1.740999756E+02
1.754971697E+01  1.611748352E+02
1.756079284E+01  1.485202484E+02
1.757186871E+01  1.365553589E+02
1.758294458E+01  1.237444382E+02
1.759402045E+01  1.120835342E+02
1.760509632E+01  1.011172409E+02
1.761617219E+01  9.141481781E+01
1.762724806E+01  8.266735077E+01
1.763832393E+01  7.572997284E+01
1.764939980E+01  6.772638702E+01
1.766047567E+01  6.256762695E+01
1.767155154E+01  5.707051086E+01
1.768262741E+01  5.323933792E+01
1.769370328E+01  4.845658875E+01
1.770477915E+01  4.519190598E+01
1.771585503E+01  4.168933487E+01
1.772693090E+01  4.038604736E+01
1.773800677E+01  3.863645935E+01
1.774908264E+01  3.807133865E+01
1.776015851E+01  3.568817520E+01
1.777123438E+01  3.339216232E+01
1.778231025E+01  2.971375084E+01
1.779338612E+01  2.751517868E+01
1.780446199E+01  2.551831245E+01
1.781553786E+01  2.487495232E+01
1.782661373E+01  2.322225571E+01
1.783768960E+01  2.207385063E+01
1.784876547E+01  2.075367928E+01
1.785984134E+01  1.967479515E+01
1.787091721E+01  1.858913040E+01
1.788199308E+01  1.770199013E+01
1.789306896E+01  1.673553276E+01
1.790414483E+01  1.571514988E+01
1.791522070E+01  1.525705433E+01
1.792629657E+01  1.409319401E+01
1.793737244E+01  1.426020622E+01
1.794844831E+01  1.446148682E+01
1.795952418E+01  1.557133484E+01
1.797060005E+01  1.530975914E+01
1.798167592E+01  1.587968159E+01
1.799275179E+01  1.446108437E+01
1.800382766E+01  1.417047501E+01
1.801490353E+01  1.290683746E+01
1.802597940E+01  1.338605404E+01
1.803705527E+01  1.248343372E+01
1.804813114E+01  1.263654327E+01
1.805920701E+01  1.148412704E+01
1.807028288E+01  1.169178200E+01
1.808135876E+01  1.103619194E+01
1.809243463E+01  1.180014610E+01
1.810351050E+01  1.173396015E+01
1.811458637E+01  1.296490288E+01
1.812566224E+01  1.327087593E+01
1.813673811E+01  1.420272732E+01
1.814781398E+01  1.469313812E+01
1.815888985E+01  1.615134811E+01
1.816996572E+01  1.701735687E+01
1.818104159E+01  1.851313400E+01
1.819211746E+01  1.892461967E+01
1.820319333E+01  1.899257088E+01
1.821426920E+01  1.954099464E+01
1.822534507E+01  2.027206802E+01
1.823642094E+01  2.012404060E+01
1.824749681E+01  1.985961533E+01
1.825857268E+01  1.957938004E+01
1.826964856E+01  1.976282310E+01
1.828072443E+01  1.974610901E+01
1.829180030E+01  2.024039650E+01
1.830287617E+01  2.069096375E+01
1.831395204E+01  2.080797386E+01
1.832502791E+01  2.174396706E+01
1.833610378E+01  2.256113815E+01
1.834717965E+01  2.337904739E+01
1.835825552E+01  2.321910667E+01
1.836933139E+01  2.406072426E+01
1.838040726E+01  2.437109184E+01
1.839148313E+01  2.620358276E+01
1.840255900E+01  2.708934021E+01
1.841363487E+01  3.007830429E+01
1.842471074E+01  3.154829025E+01
1.843578661E+01  3.338443375E+01
1.844686249E+01  3.299359131E+01
1.845793836E+01  3.394277573E+01
1.846901423E+01  3.363811493E+01
1.848009010E+01  3.507043839E+01
1.849116597E+01  3.456164169E+01
1.850224184E+01  3.552737045E+01
1.851331771E+01  3.609883499E+01
1.852439358E+01  3.615189362E+01
1.853546945E+01  3.477602005E+01
1.854654532E+01  3.413686371E+01
1.855762119E+01  3.366497803E+01
1.856869706E+01  3.450576401E+01
1.857977293E+01  3.570818329E+01
1.859084880E+01  3.735735321E+01
1.860192467E+01  3.866948700E+01
1.861300054E+01  3.995676422E+01
1.862407641E+01  3.948205566E+01
1.863515229E+01  3.930559540E+01
1.864622816E+01  3.909603500E+01
1.865730403E+01  3.861383057E+01
1.866837990E+01  3.702789688E+01
1.867945577E+01  3.629646301E+01
1.869053164E+01  3.504500580E+01
1.870160751E+01  3.408577728E+01
1.871268338E+01  3.224472046E+01
1.872375925E+01  3.091784477E+01
1.873483512E+01  2.891133499E+01
1.874591099E+01  2.733875656E+01
1.875698686E+01  2.558882713E+01
1.876806273E+01  2.458103561E+01
1.877913860E+01  2.391578865E+01
1.879021447E+01  2.306337166E+01
1.880129034E+01  2.175432968E+01
1.881236621E+01  1.973654747E+01
1.882344209E+01  1.799814796E+01
1.883451796E+01  1.606241417E+01
1.884559383E+01  1.561009884E+01
1.885666970E+01  1.391400242E+01
1.886774557E+01  1.366000748E+01
1.887882144E+01  1.289117336E+01
1.888989731E+01  1.281071377E+01
1.890097318E+01  1.107056999E+01
1.891204905E+01  1.006901550E+01
1.892312492E+01  9.371797562E+00
1.893420079E+01  1.112742233E+01
1.894527666E+01  1.128248215E+01
1.895635253E+01  1.222350407E+01
1.896742840E+01  1.146151257E+01
1.897850427E+01  1.144917679E+01
1.898958014E+01  1.095921993E+01
1.900065602E+01  1.166352272E+01
1.901173189E+01  1.184430695E+01
1.902280776E+01  1.297762680E+01
1.903388363E+01  1.397580433E+01
1.904495950E+01  1.477311897E+01
1.905603537E+01  1.492468739E+01
1.906711124E+01  1.607472229E+01
1.907818711E+01  1.659838295E+01
1.908926298E+01  1.727511024E+01
1.910033885E+01  1.746441078E+01
1.911141472E+01  1.957387733E+01
1.912249059E+01  2.049692917E+01
1.913356646E+01  2.254347992E+01
1.914464233E+01  2.323363876E+01
1.915571820E+01  2.423960876E+01
1.916679407E+01  2.483880997E+01
1.917786994E+01  2.622833252E+01
1.918894582E+01  2.782767868E+01
1.920002169E+01  3.000849342E+01
1.921109756E+01  3.127450180E+01
1.922217343E+01  3.288968658E+01
1.923324930E+01  3.415148163E+01
1.924432517E+01  3.593153381E+01
1.925540104E+01  3.776727676E+01
1.926647691E+01  3.831870651E+01
1.927755278E+01  3.750584412E+01
1.928862865E+01  3.618132782E+01
1.929970452E+01  3.429766846E+01
1.931078039E+01  3.306154251E+01
1.932185626E+01  3.160102081E+01
1.933293213E+01  3.028052330E+01
1.934400800E+01  2.865174484E+01
1.935508387E+01  2.728299332E+01
1.936615974E+01  2.624235344E+01
1.937723562E+01  2.498415947E+01
1.938831149E+01  2.281579018E+01
1.939938736E+01  2.076242065E+01
1.941046323E+01  1.910094643E+01
1.942153910E+01  1.678431511E+01
1.943261497E+01  1.486655617E+01
1.944369084E+01  1.297081566E+01
1.945476671E+01  1.250589561E+01
1.946584258E+01  1.141576862E+01
1.947691845E+01  1.111268234E+01
1.948799432E+01  1.051499653E+01
1.949907019E+01  1.036114979E+01
1.951014606E+01  9.302916527E+00
1.952122193E+01  8.667612076E+00
1.953229780E+01  6.482017040E+00
1.954337367E+01  5.425499439E+00
1.955444955E+01  4.203301430E+00
1.956552542E+01  4.088531017E+00
1.957660129E+01  3.172647476E+00
1.958767716E+01  3.073220968E+00
1.959875303E+01  2.055756807E+00
1.960982890E+01  1.668459296E+00
1.962090477E+01  5.608319044E-01
1.963198064E+01  1.328890204E+00
1.964305651E+01  1.078148127E+00
1.965413238E+01  1.789338589E+00
1.966520825E+01  2.199027300E+00
1.967628412E+01  4.031301498E+00
1.968735999E+01  4.154505253E+00
1.969843586E+01  4.548770905E+00
1.970951173E+01  2.701281071E+00
1.972058760E+01  2.294744015E+00
1.973166347E+01  1.065306902E+00
1.974273935E+01  1.032291174E+00
1.975381522E+01  2.633312047E-01
1.976489109E+01  9.061144590E-01
1.977596696E+01  8.688033819E-01
1.978704283E+01  1.641326785E+00
1.979811870E+01  2.073947668E+00
1.980919457E+01  3.583809614E+00
1.982027044E+01  3.408112764E+00
1.983134631E+01  4.023553848E+00
1.984242218E+01  3.262539148E+00
1.985349805E+01  2.727740526E+00
1.986457392E+01  1.983506203E+00
1.987564979E+01  2.380816221E+00
1.988672566E+01  1.577062964E+00
1.989780153E+01  1.352461934E+00
1.990887740E+01  2.990210354E-01
1.991995327E+01  1.195111219E-02
1.993102915E+01  -1.298120320E-01
1.994210502E+01  8.149605393E-01
1.995318089E+01  1.019716263E+00
1.996425676E+01  1.064440608E+00
1.997533263E+01  2.232569307E-01
1.998640850E+01  -6.096160039E-02
1.999748437E+01  7.877981663E-02
2.000856024E+01  8.247118592E-01
2.001963611E+01  8.749844432E-01
2.003071198E+01  1.523255944E+00
2.004178785E+01  1.594726205E+00
2.005286372E+01  1.827970982E+00
2.006393959E+01  1.184263587E+00
2.007501546E+01  2.090980291E+00
2.008609133E+01  2.558538437E+00
2.009716720E+01  3.276581764E+00
2.010824308E+01  2.827354431E+00
2.011931895E+01  2.625878572E+00
2.013039482E+01  2.103541374E+00
2.014147069E+01  2.551593304E+00
2.015254656E+01  2.262741089E+00
2.016362243E+01  2.913708210E+00
2.017469830E+01  2.739543676E+00
2.018577417E+01  3.244061470E+00
2.019685004E+01  2.729131460E+00
2.020792591E+01  2.799797058E+00
2.021900178E+01  2.278087139E+00
2.023007765E+01  2.115364313E+00
2.024115352E+01  1.745344996E+00
2.025222939E+01  1.751332879E+00
2.026330526E+01  1.447269797E+00
2.027438113E+01  1.491991520E+00
2.028545700E+01  1.229559541E+00
2.029653288E+01  1.486381292E+00
2.030760875E+01  1.576827765E+00
2.031868462E+01  2.008072376E+00
2.032976049E+01  2.927849531E+00
2.034083636E+01  3.487257242E+00
2.035191223E+01  3.152776241E+00
2.036298810E+01  3.357404232E+00
2.037406397E+01  3.454282522E+00
2.038513984E+01  4.395174026E+00
2.039621571E+01  4.945811749E+00
2.040729158E+01  5.403930187E+00
2.041836745E+01  5.125649452E+00
2.042944332E+01  5.935646057E+00
2.044051919E+01  6.774385452E+00
2.045159506E+01  7.754779339E+00
2.046267093E+01  7.671719074E+00
2.047374680E+01  7.863174915E+00
2.048482268E+01  7.238524914E+00
2.049589855E+01  7.587646484E+00
2.050697442E+01  8.033559799E+00
2.051805029E+01  8.890096664E+00
2.052912616E+01  8.834504128E+00
2.054020203E+01  9.213600159E+00
2.055127790E+01  8.765437126E+00
2.056235377E+01  8.932037354E+00
2.057342964E+01  7.528811932E+00
2.058450551E+01  6.969144821E+00
2.059558138E+01  5.708951950E+00
2.060665725E+01  6.105781555E+00
2.061773312E+01  5.551350594E+00
2.062880899E+01  5.216872215E+00
2.063988486E+01  4.179724216E+00
2.065096073E+01  4.243727207E+00
2.066203661E+01  3.355117321E+00
2.067311248E+01  2.686248779E+00
2.068418835E+01  1.812559247E+00
2.069526422E+01  1.150279999E+00
2.070634009E+01  7.847748995E-01
2.071741596E+01  5.088474751E-01
2.072849183E+01  2.841501236E-01
2.073956770E+01  5.297507048E-01
2.075064357E+01  1.768224090E-01
2.076171944E+01  1.737844348E-01
2.077279531E+01  4.858341813E-02
2.078387118E+01  6.191813946E-01
2.079494705E+01  4.281782210E-01
2.080602292E+01  1.154986024E+00
2.081709879E+01  8.016983867E-01
2.082817466E+01  1.159733772E+00
2.083925053E+01  5.494369864E-01
2.085032641E+01  4.280990064E-01
2.086140228E+01  -2.271167189E-01
2.087247815E+01  4.264011085E-01
2.088355402E+01  -4.980647005E-03
2.089462989E+01  1.617122889E-01
2.090570576E+01  -3.963618875E-01
2.091678163E+01  -1.576846689E-01
2.092785750E+01  -5.417218804E-01
2.093893337E+01  -4.911719263E-01
2.095000924E+01  -4.841798246E-01
2.096108511E+01  9.026283622E-01
2.097216098E+01  1.732337832E+00
2.098323685E+01  2.839690208E+00
2.099431272E+01  3.187592745E+00
2.100538859E+01  4.007515907E+00
2.101646446E+01  3.486972332E+00
2.102754033E+01  3.576344013E+00
2.103861621E+01  2.153355122E+00
2.104969208E+01  2.162142515E+00
2.106076795E+01  1.389300942E+00
2.107184382E+01  1.305875301E+00
2.108291969E+01  2.690241635E-01
2.109399556E+01  -4.954763353E-01
2.110507143E+01  -1.736312628E+00
2.111614730E+01  -1.225406647E+00
2.112722317E+01  -9.569528699E-01
2.113829904E+01  3.558113277E-01
2.114937491E+01  5.344111919E-01
2.116045078E+01  8.906185031E-01
2.117152665E+01  5.202150345E-01
2.118260252E+01  4.155610800E-01
2.119367839E+01  -3.867588341E-01
2.120475426E+01  -5.706378818E-01
2.121583014E+01  -5.583906770E-01
2.122690601E+01  8.936295658E-02
2.123798188E+01  3.051510155E-01
2.124905775E+01  5.203168392E-01
2.126013362E+01  -3.702029288E-01
