4.901072741E+00  6.690769792E-01
4.912148611E+00  -7.886444926E-01
4.923224482E+00  -8.767712116E-01
4.934300353E+00  4.611737430E-01
4.945376223E+00  4.690441787E-01
4.956452094E+00  1.928343773E+00
4.967527964E+00  2.102532625E+00
4.978603835E+00  2.861034393E+00
4.989679706E+00  2.915092468E+00
5.000755576E+00  2.678827047E+00
5.011831447E+00  3.139392614E+00
5.022907317E+00  1.681064010E+00
5.033983188E+00  2.618091822E+00
5.045059059E+00  1.239429235E+00
5.056134929E+00  2.028663635E+00
5.067210800E+00  1.036677718E+00
5.078286670E+00  1.875235558E+00
5.089362541E+00  2.593822479E+00
5.100438412E+00  3.018268824E+00
5.111514282E+00  4.120565414E+00
5.122590153E+00  3.343799114E+00
5.133666023E+00  4.458244801E+00
5.144741894E+00  3.941294909E+00
5.155817765E+00  5.439094067E+00
5.166893635E+00  5.658525467E+00
5.177969506E+00  6.830189705E+00
5.189045376E+00  7.661820412E+00
5.200121247E+00  7.984911919E+00
5.211197118E+00  8.722498894E+00
5.222272988E+00  8.628782272E+00
5.233348859E+00  1.077156162E+01
5.244424729E+00  1.113209629E+01
5.255500600E+00  1.326115036E+01
5.266576471E+00  1.404697895E+01
5.277652341E+00  1.449932957E+01
5.288728212E+00  1.442542839E+01
5.299804082E+00  1.426992607E+01
5.310879953E+00  1.498891068E+01
5.321955824E+00  1.363537121E+01
5.333031694E+00  1.445027542E+01
5.344107565E+00  1.366094017E+01
5.355183435E+00  1.454368782E+01
5.366259306E+00  1.474798489E+01
5.377335177E+00  1.374410725E+01
5.388411047E+00  1.347101784E+01
5.399486918E+00  1.251657677E+01
5.410562788E+00  1.394753456E+01
5.421638659E+00  1.301147270E+01
5.432714530E+00  1.405528641E+01
5.443790400E+00  1.328167725E+01
5.454866271E+00  1.386111164E+01
5.465942141E+00  1.354157448E+01
5.477018012E+00  1.381800747E+01
5.488093883E+00  1.461993313E+01
5.499169753E+00  1.431694984E+01
5.510245624E+00  1.528500271E+01
5.521321494E+00  1.418421078E+01
5.532397365E+00  1.436192894E+01
5.543473236E+00  1.382795143E+01
5.554549106E+00  1.418186188E+01
5.565624977E+00  1.413401890E+01
5.576700847E+00  1.296573353E+01
5.587776718E+00  1.251009560E+01
5.598852589E+00  1.230478477E+01
5.609928459E+00  1.425745773E+01
5.621004330E+00  1.402501202E+01
5.632080200E+00  1.473683834E+01
5.643156071E+00  1.475920963E+01
5.654231942E+00  1.466232204E+01
5.665307812E+00  1.393561268E+01
5.676383683E+00  1.266329765E+01
5.687459553E+00  1.283320332E+01
5.698535424E+00  1.211716747E+01
5.709611295E+00  1.339679241E+01
5.720687165E+00  1.283107758E+01
5.731763036E+00  1.336130619E+01
5.742838906E+00  1.341734982E+01
5.753914777E+00  1.281440830E+01
5.764990648E+00  1.332722664E+01
5.776066518E+00  1.214299583E+01
5.787142389E+00  1.303701210E+01
5.798218259E+00  1.234986115E+01
5.809294130E+00  1.376196575E+01
5.820370001E+00  1.328150463E+01
5.831445871E+00  1.429129982E+01
5.842521742E+00  1.521239471E+01
5.853597612E+00  1.528824425E+01
5.864673483E+00  1.562329197E+01
5.875749354E+00  1.406981754E+01
5.886825224E+00  1.525027943E+01
5.897901095E+00  1.386371422E+01
5.908976965E+00  1.525385475E+01
5.920052836E+00  1.451936245E+01
5.931128707E+00  1.497866821E+01
5.942204577E+00  1.548686600E+01
5.953280448E+00  1.529863358E+01
5.964356318E+00  1.545689297E+01
5.975432189E+00  1.433041096E+01
5.986508060E+00  1.531655312E+01
5.997583930E+00  1.425107002E+01
6.008659801E+00  1.576881123E+01
6.019735671E+00  1.601929474E+01
6.030811542E+00  1.566316605E+01
6.041887413E+00  1.548546982E+01
6.052963283E+00  1.401417828E+01
6.064039154E+00  1.427018547E+01
6.075115024E+00  1.342941284E+01
6.086190895E+00  1.390239334E+01
6.097266766E+00  1.216373444E+01
6.108342636E+00  1.335502052E+01
6.119418507E+00  1.324098682E+01
6.130494377E+00  1.412833881E+01
6.141570248E+00  1.543239880E+01
6.152646119E+00  1.669761467E+01
6.163721989E+00  1.800954247E+01
6.174797860E+00  1.765426826E+01
6.185873730E+00  1.853186798E+01
6.196949601E+00  1.863552094E+01
6.208025472E+00  2.057630157E+01
6.219101342E+00  2.198319435E+01
6.230177213E+00  2.262285805E+01
6.241253083E+00  2.305720901E+01
6.252328954E+00  2.251598549E+01
6.263404825E+00  2.270815849E+01
6.274480695E+00  2.259096146E+01
6.285556566E+00  2.467508698E+01
6.296632436E+00  2.421608353E+01
6.307708307E+00  2.545459175E+01
6.318784178E+00  2.319082451E+01
6.329860048E+00  2.027026939E+01
6.340935919E+00  1.668722343E+01
6.352011789E+00  1.393134022E+01
6.363087660E+00  1.391720963E+01
6.374163531E+00  1.156089020E+01
6.385239401E+00  1.078064919E+01
6.396315272E+00  9.322889328E+00
6.407391142E+00  9.776557922E+00
6.418467013E+00  9.483058929E+00
6.429542884E+00  8.857545853E+00
6.440618754E+00  8.388552666E+00
6.451694625E+00  7.417661667E+00
6.462770495E+00  8.421241760E+00
6.473846366E+00  8.059398651E+00
6.484922237E+00  8.900948524E+00
6.495998107E+00  7.989949703E+00
6.507073978E+00  8.402341843E+00
6.518149848E+00  8.701143265E+00
6.529225719E+00  7.703299046E+00
6.540301590E+00  7.625916481E+00
6.551377460E+00  6.114830971E+00
6.562453331E+00  7.233740330E+00
6.573529201E+00  6.648648262E+00
6.584605072E+00  7.575497627E+00
6.595680943E+00  7.051897049E+00
6.606756813E+00  7.993145466E+00
6.617832684E+00  8.394627571E+00
6.628908554E+00  7.890768051E+00
6.639984425E+00  7.955592632E+00
6.651060296E+00  7.180802822E+00
6.662136166E+00  7.747452259E+00
6.673212037E+00  6.813273907E+00
6.684287907E+00  7.734848022E+00
6.695363778E+00  7.051240444E+00
6.706439649E+00  6.984247684E+00
6.717515519E+00  6.992470741E+00
6.728591390E+00  7.624709129E+00
6.739667260E+00  8.016784668E+00
6.750743131E+00  7.161436558E+00
6.761819002E+00  7.393188477E+00
6.772894872E+00  6.072304249E+00
6.783970743E+00  6.610177994E+00
6.795046613E+00  7.485206127E+00
6.806122484E+00  8.678574562E+00
6.817198355E+00  8.395209312E+00
6.828274225E+00  7.542412281E+00
6.839350096E+00  5.945562363E+00
6.850425966E+00  4.110320091E+00
6.861501837E+00  3.747655869E+00
6.872577708E+00  2.555953503E+00
6.883653578E+00  3.535220623E+00
6.894729449E+00  4.724395275E+00
6.905805319E+00  5.860403061E+00
6.916881190E+00  6.338488102E+00
6.927957061E+00  5.828667164E+00
6.939032931E+00  5.634740829E+00
6.950108802E+00  4.391072273E+00
6.961184672E+00  4.525236130E+00
6.972260543E+00  2.689291239E+00
6.983336414E+00  2.896504402E+00
6.994412284E+00  3.163683653E+00
7.005488155E+00  4.023386955E+00
7.016564025E+00  4.617185116E+00
7.027639896E+00  4.597519398E+00
7.038715767E+00  5.370376587E+00
7.049791637E+00  4.329544067E+00
7.060867508E+00  4.525800228E+00
7.071943378E+00  3.156538010E+00
7.083019249E+00  3.692354202E+00
7.094095120E+00  3.309422016E+00
7.105170990E+00  3.071009398E+00
7.116246861E+00  3.104848862E+00
7.127322731E+00  1.972276807E+00
7.138398602E+00  2.513083458E+00
7.149474473E+00  1.383597493E+00
7.160550343E+00  1.787521482E+00
7.171626214E+00  1.101907730E+00
7.182702084E+00  2.056845427E+00
7.193777955E+00  2.229234457E+00
7.204853826E+00  2.807554722E+00
7.215929696E+00  3.172920942E+00
7.227005567E+00  3.134188414E+00
7.238081437E+00  3.383152723E+00
7.249157308E+00  2.271525621E+00
7.260233179E+00  2.932883024E+00
7.271309049E+00  2.227609634E+00
7.282384920E+00  3.297341585E+00
7.293460790E+00  2.817039728E+00
7.304536661E+00  3.445794821E+00
7.315612532E+00  3.127241611E+00
7.326688402E+00  2.781695366E+00
7.337764273E+00  2.594847679E+00
7.348840143E+00  1.018131733E+00
7.359916014E+00  6.765581369E-01
7.370991885E+00  -9.685668349E-01
7.382067755E+00  1.365838349E-01
7.393143626E+00  -2.070051059E-02
7.404219496E+00  1.099227309E+00
7.415295367E+00  2.023674488E+00
7.426371238E+00  1.943266988E+00
7.437447108E+00  2.159702301E+00
7.448522979E+00  1.141780257E+00
7.459598849E+00  1.658092737E+00
7.470674720E+00  3.962857127E-01
7.481750591E+00  1.561937213E+00
7.492826461E+00  1.777238011E+00
7.503902332E+00  2.957945585E+00
7.514978202E+00  3.723173857E+00
7.526054073E+00  3.405525923E+00
7.537129944E+00  3.647408009E+00
7.548205814E+00  2.709867001E+00
7.559281685E+00  3.445859432E+00
7.570357555E+00  1.502520919E+00
7.581433426E+00  1.851563811E+00
7.592509297E+00  1.048432827E+00
7.603585167E+00  6.770083308E-01
7.614661038E+00  6.430644393E-01
7.625736908E+00  6.416272372E-02
7.636812779E+00  7.635498643E-01
7.647888650E+00  3.744067848E-01
7.658964520E+00  2.291388273E+00
7.670040391E+00  1.711639404E+00
7.681116261E+00  3.094758272E+00
7.692192132E+00  2.520462990E+00
7.703268003E+00  1.551874161E+00
7.714343873E+00  2.117959084E-03
7.725419744E+00  -1.213377953E+00
7.736495614E+00  -6.135042310E-01
7.747571485E+00  -7.306921482E-01
7.758647356E+00  6.642336845E-01
7.769723226E+00  2.664025128E-01
7.780799097E+00  1.102254510E+00
7.791874967E+00  8.924570084E-01
7.802950838E+00  7.091318369E-01
7.814026709E+00  9.437516928E-01
7.825102579E+00  6.555294991E-01
7.836178450E+00  1.866462946E+00
7.847254320E+00  8.416085243E-01
7.858330191E+00  1.965180516E+00
7.869406062E+00  1.757322550E-01
7.880481932E+00  1.352874756E+00
7.891557803E+00  7.527021766E-01
7.902633673E+00  2.185891867E+00
7.913709544E+00  2.433109999E+00
7.924785415E+00  3.049210787E+00
7.935861285E+00  2.927810907E+00
7.946937156E+00  3.215352535E+00
7.958013026E+00  3.526189804E+00
7.969088897E+00  3.104576349E+00
7.980164768E+00  3.418292522E+00
7.991240638E+00  2.069411278E+00
8.002316509E+00  1.474228859E+00
8.013392379E+00  9.684891701E-01
8.024468250E+00  1.068735003E+00
8.035544121E+00  1.104020953E+00
8.046619991E+00  2.782907784E-01
8.057695862E+00  2.223780602E-01
8.068771732E+00  -1.307752609E+00
8.079847603E+00  -6.364509463E-01
8.090923474E+00  -8.352522850E-01
8.101999344E+00  1.005881071E+00
8.113075215E+00  1.801630139E+00
8.124151085E+00  3.269535542E+00
8.135226956E+00  4.264714241E+00
8.146302827E+00  4.171823978E+00
8.157378697E+00  5.167760849E+00
8.168454568E+00  4.080174446E+00
8.179530438E+00  5.015889645E+00
8.190606309E+00  4.257996082E+00
8.201682180E+00  5.272808075E+00
8.212758050E+00  5.382956505E+00
8.223833921E+00  6.085384846E+00
8.234909791E+00  6.846389771E+00
8.245985662E+00  7.391292572E+00
8.257061533E+00  9.265965462E+00
8.268137403E+00  8.938509941E+00
8.279213274E+00  1.029559994E+01
8.290289144E+00  9.675559998E+00
8.301365015E+00  1.051728725E+01
8.312440886E+00  8.434965134E+00
8.323516756E+00  8.888588905E+00
8.334592627E+00  7.686288834E+00
8.345668497E+00  7.000440598E+00
8.356744368E+00  6.441275597E+00
8.367820239E+00  6.127069950E+00
8.378896109E+00  6.614201069E+00
8.389971980E+00  6.043383121E+00
8.401047850E+00  6.954858303E+00
8.412123721E+00  5.631288528E+00
8.423199592E+00  6.137797356E+00
8.434275462E+00  5.725166321E+00
8.445351333E+00  6.223026752E+00
8.456427203E+00  7.073793888E+00
8.467503074E+00  8.672998428E+00
8.478578945E+00  1.017813015E+01
8.489654815E+00  1.009346867E+01
8.500730686E+00  1.040840054E+01
8.511806556E+00  8.616086006E+00
8.522882427E+00  8.622038841E+00
8.533958298E+00  8.034889221E+00
8.545034168E+00  7.611827850E+00
8.556110039E+00  6.523981094E+00
8.567185909E+00  5.532929420E+00
8.578261780E+00  4.905622482E+00
8.589337651E+00  3.959303141E+00
8.600413521E+00  4.528550148E+00
8.611489392E+00  3.611150026E+00
8.622565262E+00  3.722959757E+00
8.633641133E+00  2.319535255E+00
8.644717004E+00  2.144034386E+00
8.655792874E+00  1.331343293E+00
8.666868745E+00  9.947457910E-01
8.677944615E+00  8.741188049E-01
8.689020486E+00  3.942815661E-01
8.700096357E+00  1.404376388E+00
8.711172227E+00  2.235232592E-01
8.722248098E+00  9.418455958E-01
8.733323968E+00  -3.217168152E-01
8.744399839E+00  1.691432238E+00
8.755475710E+00  1.881743073E+00
8.766551580E+00  3.117203474E+00
8.777627451E+00  2.639345169E+00
8.788703321E+00  2.670909643E+00
8.799779192E+00  3.879105091E+00
8.810855063E+00  4.622554779E+00
8.821930933E+00  5.955446243E+00
8.833006804E+00  5.456878662E+00
8.844082674E+00  6.562892437E+00
8.855158545E+00  6.881777763E+00
8.866234416E+00  7.911602497E+00
8.877310286E+00  7.288991928E+00
8.888386157E+00  7.381534100E+00
8.899462027E+00  8.530214310E+00
8.910537898E+00  8.896699905E+00
8.921613769E+00  1.087570000E+01
8.932689639E+00  1.244468689E+01
8.943765510E+00  1.483993149E+01
8.954841380E+00  1.552365780E+01
8.965917251E+00  1.693917465E+01
8.976993122E+00  1.724267960E+01
8.988068992E+00  1.827006340E+01
8.999144863E+00  2.020597458E+01
9.010220733E+00  2.114948654E+01
9.021296604E+00  2.320504570E+01
9.032372475E+00  2.518706131E+01
9.043448345E+00  2.816359901E+01
9.054524216E+00  3.086264038E+01
9.065600086E+00  3.489521408E+01
9.076675957E+00  3.884976959E+01
9.087751828E+00  4.315275955E+01
9.098827698E+00  4.699480057E+01
9.109903569E+00  5.117671967E+01
9.120979439E+00  5.700509262E+01
9.132055310E+00  6.309787750E+01
9.143131181E+00  7.309378815E+01
9.154207051E+00  8.371013641E+01
9.165282922E+00  9.730571747E+01
9.176358792E+00  1.128157196E+02
9.187434663E+00  1.311681366E+02
9.198510534E+00  1.530435028E+02
9.209586404E+00  1.800392151E+02
9.220662275E+00  2.130482330E+02
9.231738145E+00  2.495033722E+02
9.242814016E+00  2.943982544E+02
9.253889887E+00  3.410431213E+02
9.264965757E+00  3.967696228E+02
9.276041628E+00  4.451070862E+02
9.287117498E+00  4.871197815E+02
9.298193369E+00  5.098489380E+02
9.309269240E+00  5.116095886E+02
9.320345110E+00  5.037025757E+02
9.331420981E+00  4.988420410E+02
9.342496851E+00  5.011715088E+02
9.353572722E+00  4.870484619E+02
9.364648593E+00  4.607742920E+02
9.375724463E+00  4.127637329E+02
9.386800334E+00  3.746906433E+02
9.397876205E+00  3.228137817E+02
9.408952075E+00  2.799345093E+02
9.420027946E+00  2.249901733E+02
9.431103816E+00  1.888420868E+02
9.442179687E+00  1.623312531E+02
9.453255558E+00  1.549395752E+02
9.464331428E+00  1.521601868E+02
9.475407299E+00  1.519242859E+02
9.486483169E+00  1.542984924E+02
9.497559040E+00  1.585189514E+02
9.508634911E+00  1.639382935E+02
9.519710781E+00  1.694419403E+02
9.530786652E+00  1.745840454E+02
9.541862522E+00  1.789340210E+02
9.552938393E+00  1.799371338E+02
9.564014264E+00  1.784974976E+02
9.575090134E+00  1.736021271E+02
9.586166005E+00  1.677407379E+02
9.597241875E+00  1.585488892E+02
9.608317746E+00  1.498370819E+02
9.619393617E+00  1.411625519E+02
9.630469487E+00  1.300508881E+02
9.641545358E+00  1.189639816E+02
9.652621228E+00  1.070469360E+02
9.663697099E+00  9.786785126E+01
9.674772970E+00  8.908027649E+01
9.685848840E+00  8.381138611E+01
9.696924711E+00  7.769313812E+01
9.708000581E+00  7.428240967E+01
9.719076452E+00  6.972055054E+01
9.730152323E+00  6.680481720E+01
9.741228193E+00  6.378520966E+01
9.752304064E+00  6.204882812E+01
9.763379934E+00  6.160338211E+01
9.774455805E+00  6.038235855E+01
9.785531676E+00  6.060319138E+01
9.796607546E+00  5.943449020E+01
9.807683417E+00  6.014495468E+01
9.818759287E+00  6.057984161E+01
9.829835158E+00  6.261442566E+01
9.840911029E+00  6.383236694E+01
9.851986899E+00  6.568072510E+01
9.863062770E+00  6.708483887E+01
9.874138640E+00  6.789117432E+01
9.885214511E+00  6.865264893E+01
9.896290382E+00  6.825821686E+01
9.907366252E+00  6.834280396E+01
9.918442123E+00  6.603085327E+01
9.929517993E+00  6.527527618E+01
9.940593864E+00  6.200984192E+01
9.951669735E+00  6.037605667E+01
9.962745605E+00  5.772101212E+01
9.973821476E+00  5.558367538E+01
9.984897346E+00  5.283713150E+01
9.995973217E+00  4.978962708E+01
1.000704909E+01  4.662539291E+01
1.001812496E+01  4.279720688E+01
1.002920083E+01  3.914992523E+01
1.004027670E+01  3.430636597E+01
1.005135257E+01  3.112174988E+01
1.006242844E+01  2.784558868E+01
1.007350431E+01  2.631600761E+01
1.008458018E+01  2.463528252E+01
1.009565605E+01  2.364165115E+01
1.010673192E+01  2.274059868E+01
1.011780779E+01  2.138936234E+01
1.012888366E+01  2.049805832E+01
1.013995953E+01  1.881577682E+01
1.015103541E+01  1.804265785E+01
1.016211128E+01  1.604399109E+01
1.017318715E+01  1.639550591E+01
1.018426302E+01  1.616951180E+01
1.019533889E+01  1.773603821E+01
1.020641476E+01  1.890101814E+01
1.021749063E+01  2.146208000E+01
1.022856650E+01  2.396098518E+01
1.023964237E+01  2.699930382E+01
1.025071824E+01  2.948657799E+01
1.026179411E+01  3.235932922E+01
1.027286998E+01  3.774742508E+01
1.028394585E+01  4.300693130E+01
1.029502172E+01  5.168103409E+01
1.030609759E+01  6.028839111E+01
1.031717346E+01  7.293357849E+01
1.032824933E+01  8.600144958E+01
1.033932521E+01  1.029950180E+02
1.035040108E+01  1.217221146E+02
1.036147695E+01  1.419647980E+02
1.037255282E+01  1.627507172E+02
1.038362869E+01  1.794983063E+02
1.039470456E+01  2.002233734E+02
1.040578043E+01  2.139070740E+02
1.041685630E+01  2.338108521E+02
1.042793217E+01  2.432791290E+02
1.043900804E+01  2.503753510E+02
1.045008391E+01  2.470676117E+02
1.046115978E+01  2.452143860E+02
1.047223565E+01  2.395550385E+02
1.048331152E+01  2.314344940E+02
1.049438739E+01  2.191165161E+02
1.050546326E+01  2.049802551E+02
1.051653914E+01  1.856417694E+02
1.052761501E+01  1.673382416E+02
1.053869088E+01  1.451311951E+02
1.054976675E+01  1.275334320E+02
1.056084262E+01  1.100647507E+02
1.057191849E+01  9.661067200E+01
1.058299436E+01  8.477704620E+01
1.059407023E+01  7.598237610E+01
1.060514610E+01  6.947340393E+01
1.061622197E+01  6.402166748E+01
1.062729784E+01  6.004898453E+01
1.063837371E+01  5.598791122E+01
1.064944958E+01  5.080251694E+01
1.066052545E+01  4.572812653E+01
1.067160132E+01  4.028179932E+01
1.068267719E+01  3.573830032E+01
1.069375306E+01  3.091916084E+01
1.070482894E+01  2.695902443E+01
1.071590481E+01  2.506957245E+01
1.072698068E+01  2.196090698E+01
1.073805655E+01  1.947327042E+01
1.074913242E+01  1.672156525E+01
1.076020829E+01  1.370827961E+01
1.077128416E+01  1.161083412E+01
1.078236003E+01  9.135830879E+00
1.079343590E+01  7.895274639E+00
1.080451177E+01  5.716753960E+00
1.081558764E+01  4.101323128E+00
1.082666351E+01  2.429437399E+00
1.083773938E+01  2.116102457E+00
1.084881525E+01  2.512851238E+00
1.085989112E+01  3.741239786E+00
1.087096699E+01  4.188818455E+00
1.088204286E+01  4.703711033E+00
1.089311874E+01  3.962045193E+00
1.090419461E+01  3.934017420E+00
1.091527048E+01  4.864970684E+00
1.092634635E+01  6.659305096E+00
1.093742222E+01  8.937361717E+00
1.094849809E+01  1.051979637E+01
1.095957396E+01  1.238949394E+01
1.097064983E+01  1.306803322E+01
1.098172570E+01  1.542183590E+01
1.099280157E+01  1.704009628E+01
1.100387744E+01  1.883878708E+01
1.101495331E+01  2.121898270E+01
1.102602918E+01  2.360482025E+01
1.103710505E+01  2.695680428E+01
1.104818092E+01  2.942232323E+01
1.105925679E+01  3.230195618E+01
1.107033267E+01  3.428750229E+01
1.108140854E+01  3.758748245E+01
1.109248441E+01  3.979370117E+01
1.110356028E+01  4.348074341E+01
1.111463615E+01  4.590933609E+01
1.112571202E+01  4.835911560E+01
1.113678789E+01  4.976132202E+01
1.114786376E+01  5.054266357E+01
1.115893963E+01  5.104315948E+01
1.117001550E+01  5.018730164E+01
1.118109137E+01  5.016029739E+01
1.119216724E+01  4.968677139E+01
1.120324311E+01  5.021497726E+01
1.121431898E+01  4.869241333E+01
1.122539485E+01  4.871720123E+01
1.123647072E+01  4.762303925E+01
1.124754659E+01  4.836642456E+01
1.125862247E+01  4.783999252E+01
1.126969834E+01  4.798482895E+01
1.128077421E+01  4.750030136E+01
1.129185008E+01  4.771175003E+01
1.130292595E+01  4.746036530E+01
1.131400182E+01  4.739726639E+01
1.132507769E+01  4.829635620E+01
1.133615356E+01  4.923512650E+01
1.134722943E+01  5.266006470E+01
1.135830530E+01  5.552889252E+01
1.136938117E+01  6.015086746E+01
1.138045704E+01  6.367631912E+01
1.139153291E+01  6.805341339E+01
1.140260878E+01  7.273884583E+01
1.141368465E+01  7.764977264E+01
1.142476052E+01  8.216511536E+01
1.143583639E+01  8.471715546E+01
1.144691227E+01  8.569310760E+01
1.145798814E+01  8.355124664E+01
1.146906401E+01  8.156855011E+01
1.148013988E+01  7.663773346E+01
1.149121575E+01  7.188220978E+01
1.150229162E+01  6.591649628E+01
1.151336749E+01  6.086413574E+01
1.152444336E+01  5.467850876E+01
1.153551923E+01  4.899707794E+01
1.154659510E+01  4.427482224E+01
1.155767097E+01  3.981485748E+01
1.156874684E+01  3.520547104E+01
1.157982271E+01  3.048161316E+01
1.159089858E+01  2.716688347E+01
1.160197445E+01  2.320078468E+01
1.161305032E+01  2.171899796E+01
1.162412620E+01  1.907571983E+01
1.163520207E+01  1.799600410E+01
1.164627794E+01  1.645772743E+01
1.165735381E+01  1.591692638E+01
1.166842968E+01  1.438006687E+01
1.167950555E+01  1.237096119E+01
1.169058142E+01  1.040098476E+01
1.170165729E+01  7.946739197E+00
1.171273316E+01  6.633033752E+00
1.172380903E+01  5.003029346E+00
1.173488490E+01  4.945972443E+00
1.174596077E+01  3.137137413E+00
1.175703664E+01  2.124617577E+00
1.176811251E+01  3.522772193E-01
1.177918838E+01  -6.770424843E-01
1.179026425E+01  -1.366121531E+00
1.180134012E+01  -2.438278437E+00
1.181241600E+01  -2.591056347E+00
1.182349187E+01  -3.031257629E+00
1.183456774E+01  -1.511442065E+00
1.184564361E+01  -1.293428779E+00
1.185671948E+01  -3.591111302E-01
1.186779535E+01  -8.106034994E-01
1.187887122E+01  -6.524681449E-01
1.188994709E+01  -1.367887139E+00
1.190102296E+01  -1.507529855E+00
1.191209883E+01  -7.077421546E-01
1.192317470E+01  -3.056585193E-01
1.193425057E+01  1.529847831E-01
1.194532644E+01  6.116030216E-01
1.195640231E+01  1.919144511E+00
1.196747818E+01  2.410412073E+00
1.197855405E+01  4.455013275E+00
1.198962993E+01  5.511680126E+00
1.200070580E+01  7.404636860E+00
1.201178167E+01  8.721546173E+00
1.202285754E+01  1.051785851E+01
1.203393341E+01  1.229446602E+01
1.204500928E+01  1.403115654E+01
1.205608515E+01  1.643745995E+01
1.206716102E+01  1.796730423E+01
1.207823689E+01  2.042288589E+01
1.208931276E+01  2.039156723E+01
1.210038863E+01  2.172109413E+01
1.211146450E+01  2.163140678E+01
1.212254037E+01  2.287748718E+01
1.213361624E+01  2.253951073E+01
1.214469211E+01  2.354177856E+01
1.215576798E+01  2.257824326E+01
1.216684385E+01  2.173482323E+01
1.217791973E+01  2.019912529E+01
1.218899560E+01  1.833954239E+01
1.220007147E+01  1.767204475E+01
1.221114734E+01  1.618892097E+01
1.222222321E+01  1.482471752E+01
1.223329908E+01  1.351592922E+01
1.224437495E+01  1.308381081E+01
1.225545082E+01  1.117310047E+01
1.226652669E+01  1.194403076E+01
1.227760256E+01  1.072540665E+01
1.228867843E+01  1.091402149E+01
1.229975430E+01  1.063321877E+01
1.231083017E+01  1.177342796E+01
1.232190604E+01  1.290975761E+01
1.233298191E+01  1.331164646E+01
1.234405778E+01  1.444566345E+01
1.235513365E+01  1.529484844E+01
1.236620953E+01  1.815326500E+01
1.237728540E+01  1.961928558E+01
1.238836127E+01  2.294935799E+01
1.239943714E+01  2.435010338E+01
1.241051301E+01  2.835736465E+01
1.242158888E+01  3.099818039E+01
1.243266475E+01  3.497144699E+01
1.244374062E+01  3.750584030E+01
1.245481649E+01  4.063385391E+01
1.246589236E+01  4.314480972E+01
1.247696823E+01  4.506848526E+01
1.248804410E+01  4.672969818E+01
1.249911997E+01  4.706836700E+01
1.251019584E+01  4.703989792E+01
1.252127171E+01  4.516975403E+01
1.253234758E+01  4.455516434E+01
1.254342346E+01  4.247291183E+01
1.255449933E+01  4.196295547E+01
1.256557520E+01  3.992925262E+01
1.257665107E+01  3.692553711E+01
1.258772694E+01  3.315188217E+01
1.259880281E+01  2.935914803E+01
1.260987868E+01  2.656856155E+01
1.262095455E+01  2.297554016E+01
1.263203042E+01  2.158945656E+01
1.264310629E+01  1.883410263E+01
1.265418216E+01  1.755440903E+01
1.266525803E+01  1.432515430E+01
1.267633390E+01  1.370854092E+01
1.268740977E+01  1.200431156E+01
1.269848564E+01  1.181591702E+01
1.270956151E+01  1.044150543E+01
1.272063738E+01  1.061378860E+01
1.273171326E+01  1.016362286E+01
1.274278913E+01  8.822128296E+00
1.275386500E+01  8.202868462E+00
1.276494087E+01  6.228610516E+00
1.277601674E+01  6.290379524E+00
1.278709261E+01  5.244900703E+00
1.279816848E+01  6.328046799E+00
1.280924435E+01  5.502621174E+00
1.282032022E+01  6.466290474E+00
1.283139609E+01  5.251926422E+00
1.284247196E+01  5.766060829E+00
1.285354783E+01  6.006657600E+00
1.286462370E+01  7.612673283E+00
1.287569957E+01  9.279464722E+00
1.288677544E+01  9.897947311E+00
1.289785131E+01  1.133230686E+01
1.290892718E+01  1.234907722E+01
1.292000306E+01  1.489375019E+01
1.293107893E+01  1.541780281E+01
1.294215480E+01  1.838321686E+01
1.295323067E+01  1.901686668E+01
1.296430654E+01  2.138340569E+01
1.297538241E+01  2.204736519E+01
1.298645828E+01  2.510563278E+01
1.299753415E+01  2.740302658E+01
1.300861002E+01  2.965936661E+01
1.301968589E+01  3.139111137E+01
1.303076176E+01  3.167991066E+01
1.304183763E+01  3.101525307E+01
1.305291350E+01  2.991715431E+01
1.306398937E+01  2.946251678E+01
1.307506524E+01  2.826828575E+01
1.308614111E+01  2.945092964E+01
1.309721699E+01  2.863179398E+01
1.310829286E+01  3.061119461E+01
1.311936873E+01  3.043553925E+01
1.313044460E+01  3.199059486E+01
1.314152047E+01  3.320107651E+01
1.315259634E+01  3.610973740E+01
1.316367221E+01  3.857905197E+01
1.317474808E+01  4.239933395E+01
1.318582395E+01  4.726679993E+01
1.319689982E+01  5.279856110E+01
1.320797569E+01  6.037137222E+01
1.321905156E+01  6.796709442E+01
1.323012743E+01  7.757687378E+01
1.324120330E+01  8.577180481E+01
1.325227917E+01  9.580585480E+01
1.326335504E+01  1.054794846E+02
1.327443091E+01  1.158807678E+02
1.328550679E+01  1.255217209E+02
1.329658266E+01  1.322440796E+02
1.330765853E+01  1.392207336E+02
1.331873440E+01  1.456399994E+02
1.332981027E+01  1.532843781E+02
1.334088614E+01  1.586767578E+02
1.335196201E+01  1.626061249E+02
1.336303788E+01  1.638858795E+02
1.337411375E+01  1.646953888E+02
1.338518962E+01  1.615018616E+02
1.339626549E+01  1.595347290E+02
1.340734136E+01  1.535117645E+02
1.341841723E+01  1.520722961E+02
1.342949310E+01  1.505765991E+02
1.344056897E+01  1.485194550E+02
1.345164484E+01  1.429545746E+02
1.346272071E+01  1.423440247E+02
1.347379659E+01  1.409833527E+02
1.348487246E+01  1.439775696E+02
1.349594833E+01  1.516708832E+02
1.350702420E+01  1.576795502E+02
1.351810007E+01  1.651647949E+02
1.352917594E+01  1.686930389E+02
1.354025181E+01  1.689740906E+02
1.355132768E+01  1.633249817E+02
1.356240355E+01  1.554126587E+02
1.357347942E+01  1.433328094E+02
1.358455529E+01  1.308558197E+02
1.359563116E+01  1.165271606E+02
1.360670703E+01  1.037478180E+02
1.361778290E+01  9.233293152E+01
1.362885877E+01  8.294653320E+01
1.363993464E+01  7.611627960E+01
1.365101052E+01  6.900228119E+01
1.366208639E+01  6.429492188E+01
1.367316226E+01  5.900366592E+01
1.368423813E+01  5.556180954E+01
1.369531400E+01  5.113616180E+01
1.370638987E+01  4.860483932E+01
1.371746574E+01  4.432715607E+01
1.372854161E+01  4.096527100E+01
1.373961748E+01  3.696517181E+01
1.375069335E+01  3.336560440E+01
1.376176922E+01  2.994165039E+01
1.377284509E+01  2.706994629E+01
1.378392096E+01  2.503692436E+01
1.379499683E+01  2.145164490E+01
1.380607270E+01  1.871857643E+01
1.381714857E+01  1.522021961E+01
1.382822444E+01  1.451985931E+01
1.383930032E+01  1.178393078E+01
1.385037619E+01  1.153445911E+01
1.386145206E+01  9.473527908E+00
1.387252793E+01  9.275263786E+00
1.388360380E+01  8.040678024E+00
1.389467967E+01  7.681207657E+00
1.390575554E+01  5.828382015E+00
1.391683141E+01  4.295742512E+00
1.392790728E+01  3.219096184E+00
1.393898315E+01  2.146362543E+00
1.395005902E+01  2.220312119E+00
1.396113489E+01  2.105812550E+00
1.397221076E+01  3.213217258E+00
1.398328663E+01  3.144289255E+00
1.399436250E+01  4.366149902E+00
1.400543837E+01  3.849098444E+00
1.401651424E+01  4.791584492E+00
1.402759012E+01  3.636203289E+00
1.403866599E+01  4.621572018E+00
1.404974186E+01  5.264020443E+00
1.406081773E+01  6.514452457E+00
1.407189360E+01  7.180097580E+00
1.408296947E+01  7.951976299E+00
1.409404534E+01  8.740962029E+00
1.410512121E+01  8.757732391E+00
1.411619708E+01  9.124226570E+00
1.412727295E+01  8.549295425E+00
1.413834882E+01  9.158666611E+00
1.414942469E+01  9.239930153E+00
1.416050056E+01  1.094445229E+01
1.417157643E+01  1.082911396E+01
1.418265230E+01  1.238195419E+01
1.419372817E+01  1.126044369E+01
1.420480405E+01  1.149888706E+01
1.421587992E+01  9.604488373E+00
1.422695579E+01  9.027691841E+00
1.423803166E+01  7.598701954E+00
1.424910753E+01  7.014300346E+00
1.426018340E+01  6.266557217E+00
1.427125927E+01  5.337165833E+00
1.428233514E+01  5.398128033E+00
1.429341101E+01  5.509994030E+00
1.430448688E+01  6.420568943E+00
1.431556275E+01  5.602388382E+00
1.432663862E+01  5.952425957E+00
1.433771449E+01  4.750464916E+00
1.434879036E+01  5.903607368E+00
1.435986623E+01  5.606062889E+00
1.437094210E+01  7.267858982E+00
1.438201797E+01  6.843942642E+00
1.439309385E+01  6.175978184E+00
1.440416972E+01  4.881261826E+00
1.441524559E+01  4.911925793E+00
1.442632146E+01  5.116705894E+00
1.443739733E+01  5.830541611E+00
1.444847320E+01  6.740054131E+00
1.445954907E+01  6.941407681E+00
1.447062494E+01  7.477051258E+00
1.448170081E+01  7.816312313E+00
1.449277668E+01  9.705980301E+00
1.450385255E+01  1.089955521E+01
1.451492842E+01  1.284938622E+01
1.452600429E+01  1.278955746E+01
1.453708016E+01  1.471123219E+01
1.454815603E+01  1.541294098E+01
1.455923190E+01  1.843991661E+01
1.457030777E+01  2.080076790E+01
1.458138365E+01  2.423530006E+01
1.459245952E+01  2.748722839E+01
1.460353539E+01  3.057076454E+01
1.461461126E+01  3.457714844E+01
1.462568713E+01  3.812874985E+01
1.463676300E+01  4.214395142E+01
1.464783887E+01  4.401305389E+01
1.465891474E+01  4.543508148E+01
1.466999061E+01  4.279594421E+01
1.468106648E+01  3.835678864E+01
1.469214235E+01  3.188926506E+01
1.470321822E+01  2.666221237E+01
1.471429409E+01  2.090675163E+01
1.472536996E+01  1.787279701E+01
1.473644583E+01  1.368783379E+01
1.474752170E+01  1.160824680E+01
1.475859758E+01  8.220623970E+00
1.476967345E+01  5.236189842E+00
1.478074932E+01  3.091386557E+00
1.479182519E+01  1.834841251E+00
1.480290106E+01  1.887619257E+00
1.481397693E+01  1.007091045E+00
1.482505280E+01  1.231757283E+00
1.483612867E+01  6.567610502E-01
1.484720454E+01  1.129445553E+00
1.485828041E+01  1.485674269E-02
1.486935628E+01  5.181312561E-01
1.488043215E+01  -7.124757171E-01
1.489150802E+01  3.074758053E-01
1.490258389E+01  -2.780246139E-01
1.491365976E+01  1.970426321E+00
1.492473563E+01  2.493700504E+00
1.493581150E+01  3.434456587E+00
1.494688738E+01  3.147881031E+00
1.495796325E+01  2.700712919E+00
1.496903912E+01  2.092312574E+00
1.498011499E+01  9.178702831E-01
1.499119086E+01  -2.624749020E-02
1.500226673E+01  -4.270681739E-01
1.501334260E+01  -9.527172893E-02
1.502441847E+01  -1.747855544E-01
1.503549434E+01  5.209119320E-01
1.504657021E+01  -1.821267307E-01
1.505764608E+01  1.071086168E+00
1.506872195E+01  3.419636786E-01
1.507979782E+01  1.811186075E+00
1.509087369E+01  1.697401524E+00
1.510194956E+01  2.681298733E+00
1.511302543E+01  2.014615536E+00
1.512410130E+01  2.632565022E+00
1.513517718E+01  2.811794519E+00
1.514625305E+01  3.696997643E+00
1.515732892E+01  4.838998795E+00
1.516840479E+01  5.448415279E+00
1.517948066E+01  7.019437790E+00
1.519055653E+01  8.649651527E+00
1.520163240E+01  1.148242283E+01
1.521270827E+01  1.310704041E+01
1.522378414E+01  1.576135635E+01
1.523486001E+01  1.716332817E+01
1.524593588E+01  1.968325424E+01
1.525701175E+01  2.064248848E+01
1.526808762E+01  2.331721687E+01
1.527916349E+01  2.453331184E+01
1.529023936E+01  2.762091255E+01
1.530131523E+01  3.041223717E+01
1.531239111E+01  3.287610245E+01
1.532346698E+01  3.551086426E+01
1.533454285E+01  3.831450653E+01
1.534561872E+01  4.141612625E+01
1.535669459E+01  4.439987946E+01
1.536777046E+01  4.644967270E+01
1.537884633E+01  4.704199982E+01
1.538992220E+01  4.856497574E+01
1.540099807E+01  4.808420944E+01
1.541207394E+01  5.025624084E+01
1.542314981E+01  4.795904541E+01
1.543422568E+01  4.719657898E+01
1.544530155E+01  4.272608566E+01
1.545637742E+01  3.938963699E+01
1.546745329E+01  3.423939896E+01
1.547852916E+01  3.062891388E+01
1.548960503E+01  2.567405510E+01
1.550068091E+01  2.370028687E+01
1.551175678E+01  2.115599251E+01
1.552283265E+01  1.951359940E+01
1.553390852E+01  1.779155540E+01
1.554498439E+01  1.694274712E+01
1.555606026E+01  1.592494488E+01
1.556713613E+01  1.425682545E+01
1.557821200E+01  1.240701485E+01
1.558928787E+01  9.747209549E+00
1.560036374E+01  7.578059196E+00
1.561143961E+01  4.743301392E+00
1.562251548E+01  3.794676304E+00
1.563359135E+01  2.123644114E+00
1.564466722E+01  2.235553265E+00
1.565574309E+01  5.970525742E-01
1.566681896E+01  7.870937586E-01
1.567789483E+01  -1.435724795E-01
1.568897071E+01  4.586592317E-02
1.570004658E+01  -1.602505445E-01
1.571112245E+01  1.991015226E-01
1.572219832E+01  -4.863449037E-01
1.573327419E+01  -1.825708896E-01
1.574435006E+01  -3.861979246E-01
1.575542593E+01  -6.185062528E-01
1.576650180E+01  -2.142529190E-01
1.577757767E+01  -4.535074830E-01
1.578865354E+01  5.667664409E-01
1.579972941E+01  7.453333139E-01
1.581080528E+01  2.852052212E+00
1.582188115E+01  2.752242804E+00
1.583295702E+01  4.500312805E+00
1.584403289E+01  4.482092857E+00
1.585510876E+01  6.434856415E+00
1.586618464E+01  5.922294140E+00
1.587726051E+01  7.215986729E+00
1.588833638E+01  7.025749207E+00
1.589941225E+01  8.836912155E+00
1.591048812E+01  9.574874878E+00
1.592156399E+01  1.134155083E+01
1.593263986E+01  1.234310818E+01
1.594371573E+01  1.309211349E+01
1.595479160E+01  1.338434219E+01
1.596586747E+01  1.398261356E+01
1.597694334E+01  1.557590008E+01
1.598801921E+01  1.647122002E+01
1.599909508E+01  1.834058571E+01
1.601017095E+01  1.897405815E+01
1.602124682E+01  2.087593269E+01
1.603232269E+01  2.029221535E+01
1.604339856E+01  2.153946495E+01
1.605447444E+01  2.101408577E+01
1.606555031E+01  2.224700546E+01
1.607662618E+01  2.123851585E+01
1.608770205E+01  2.247097015E+01
1.609877792E+01  2.202719116E+01
1.610985379E+01  2.349525261E+01
1.612092966E+01  2.319174767E+01
1.613200553E+01  2.380473328E+01
1.614308140E+01  2.264983940E+01
1.615415727E+01  2.150545883E+01
1.616523314E+01  2.003243828E+01
1.617630901E+01  1.913442993E+01
1.618738488E+01  1.903234100E+01
1.619846075E+01  1.796258736E+01
1.620953662E+01  1.680319214E+01
1.622061249E+01  1.417973614E+01
1.623168836E+01  1.336916637E+01
1.624276424E+01  1.088415337E+01
1.625384011E+01  1.011859131E+01
1.626491598E+01  7.384955406E+00
1.627599185E+01  7.292961597E+00
1.628706772E+01  4.904962063E+00
1.629814359E+01  5.650619507E+00
1.630921946E+01  3.901855230E+00
1.632029533E+01  4.926708221E+00
1.633137120E+01  4.610403538E+00
1.634244707E+01  6.972685337E+00
1.635352294E+01  6.801485062E+00
1.636459881E+01  9.030360222E+00
1.637567468E+01  1.032602215E+01
1.638675055E+01  1.363581562E+01
1.639782642E+01  1.706467819E+01
1.640890229E+01  2.005750656E+01
1.641997817E+01  2.360826683E+01
1.643105404E+01  2.508934212E+01
1.644212991E+01  2.606121635E+01
1.645320578E+01  2.614638710E+01
1.646428165E+01  2.409221649E+01
1.647535752E+01  2.470551872E+01
1.648643339E+01  2.208045197E+01
1.649750926E+01  2.004517937E+01
1.650858513E+01  1.770984268E+01
1.651966100E+01  1.583545303E+01
1.653073687E+01  1.468936920E+01
1.654181274E+01  1.222363377E+01
1.655288861E+01  1.059817314E+01
1.656396448E+01  8.042606354E+00
1.657504035E+01  7.406424999E+00
1.658611622E+01  6.065235138E+00
1.659719209E+01  5.357531071E+00
1.660826797E+01  3.864477158E+00
1.661934384E+01  3.139034986E+00
1.663041971E+01  2.915558338E+00
1.664149558E+01  3.309622765E+00
1.665257145E+01  4.289094925E+00
1.666364732E+01  4.669126987E+00
1.667472319E+01  5.107642651E+00
1.668579906E+01  6.220324993E+00
1.669687493E+01  8.254690170E+00
1.670795080E+01  9.414918900E+00
1.671902667E+01  1.022342300E+01
1.673010254E+01  1.045530224E+01
1.674117841E+01  1.096878338E+01
1.675225428E+01  1.023878956E+01
1.676333015E+01  1.002784348E+01
1.677440602E+01  8.965286255E+00
1.678548190E+01  8.702798843E+00
1.679655777E+01  8.463841438E+00
1.680763364E+01  9.622384071E+00
1.681870951E+01  1.016079807E+01
1.682978538E+01  1.099431992E+01
1.684086125E+01  9.703953743E+00
1.685193712E+01  8.100568771E+00
1.686301299E+01  5.918374062E+00
1.687408886E+01  4.745219707E+00
1.688516473E+01  4.174085140E+00
1.689624060E+01  4.400003910E+00
1.690731647E+01  5.003877640E+00
1.691839234E+01  5.290243626E+00
1.692946821E+01  5.484053135E+00
1.694054408E+01  4.845540047E+00
1.695161995E+01  5.224298477E+00
1.696269582E+01  5.971390247E+00
1.697377170E+01  8.243180275E+00
1.698484757E+01  9.460319519E+00
1.699592344E+01  1.224585724E+01
1.700699931E+01  1.312409115E+01
1.701807518E+01  1.605657959E+01
1.702915105E+01  1.759997940E+01
1.704022692E+01  2.054923058E+01
1.705130279E+01  2.193438721E+01
1.706237866E+01  2.569786072E+01
1.707345453E+01  2.697420502E+01
1.708453040E+01  2.905105400E+01
1.709560627E+01  2.927585793E+01
1.710668214E+01  3.057761765E+01
1.711775801E+01  3.162801170E+01
1.712883388E+01  3.309896469E+01
1.713990975E+01  3.373637772E+01
1.715098562E+01  3.458522797E+01
1.716206150E+01  3.445441437E+01
1.717313737E+01  3.487792969E+01
1.718421324E+01  3.456628418E+01
1.719528911E+01  3.547681808E+01
1.720636498E+01  3.617575455E+01
1.721744085E+01  3.669782257E+01
1.722851672E+01  3.697766495E+01
1.723959259E+01  3.723970413E+01
1.725066846E+01  3.723766708E+01
1.726174433E+01  3.750213242E+01
1.727282020E+01  3.809370804E+01
1.728389607E+01  3.823535538E+01
1.729497194E+01  3.900012970E+01
1.730604781E+01  3.929409027E+01
1.731712368E+01  4.068052292E+01
1.732819955E+01  4.151836014E+01
1.733927543E+01  4.433938980E+01
1.735035130E+01  4.744369888E+01
1.736142717E+01  5.214139175E+01
1.737250304E+01  5.698400879E+01
1.738357891E+01  6.310829926E+01
1.739465478E+01  6.907410431E+01
1.740573065E+01  7.628964996E+01
1.741680652E+01  8.320807648E+01
1.742788239E+01  9.136894226E+01
1.743895826E+01  9.791728210E+01
1.745003413E+01  1.043911667E+02
1.746111000E+01  1.088809433E+02
1.747218587E+01  1.124149017E+02
1.748326174E+01  1.140221024E+02
1.749433761E+01  1.138995361E+02
1.750541348E+01  1.116878052E+02
1.751648935E+01  1.073414764E+02
1.752756523E+01  1.019083557E+02
1.753864110E+01  9.514306641E+01
1.754971697E+01  8.852772522E+01
1.756079284E+01  8.181082916E+01
1.757186871E+01  7.596645355E+01
1.758294458E+01  6.948038483E+01
1.759402045E+01  6.401492310E+01
1.760509632E+01  5.832294464E+01
1.761617219E+01  5.365584564E+01
1.762724806E+01  4.852505112E+01
1.763832393E+01  4.415753937E+01
1.764939980E+01  3.949686050E+01
1.766047567E+01  3.611716080E+01
1.767155154E+01  3.207526779E+01
1.768262741E+01  2.908327293E+01
1.769370328E+01  2.550292969E+01
1.770477915E+01  2.317548370E+01
1.771585503E+01  2.067558479E+01
1.772693090E+01  1.922558403E+01
1.773800677E+01  1.759349251E+01
1.774908264E+01  1.685249901E+01
1.776015851E+01  1.531334496E+01
1.777123438E+01  1.416372681E+01
1.778231025E+01  1.258817196E+01
1.779338612E+01  1.178439617E+01
1.780446199E+01  1.093351460E+01
1.781553786E+01  1.019321442E+01
1.782661373E+01  8.895012856E+00
1.783768960E+01  7.532540798E+00
1.784876547E+01  6.346995831E+00
1.785984134E+01  4.864490032E+00
1.787091721E+01  4.204893112E+00
1.788199308E+01  3.539592266E+00
1.789306896E+01  3.765322924E+00
1.790414483E+01  4.127702713E+00
1.791522070E+01  4.535196781E+00
1.792629657E+01  3.876987696E+00
1.793737244E+01  4.355496407E+00
1.794844831E+01  4.068656921E+00
1.795952418E+01  4.115139008E+00
1.797060005E+01  3.138541222E+00
1.798167592E+01  4.110589027E+00
1.799275179E+01  3.523766041E+00
1.800382766E+01  3.612257242E+00
1.801490353E+01  2.318991661E+00
1.802597940E+01  2.726306200E+00
1.803705527E+01  2.320103645E+00
1.804813114E+01  3.130723476E+00
1.805920701E+01  3.068389177E+00
1.807028288E+01  4.363149643E+00
1.808135876E+01  4.227720737E+00
1.809243463E+01  5.460267544E+00
1.810351050E+01  5.828926086E+00
1.811458637E+01  6.834496975E+00
1.812566224E+01  6.904537678E+00
1.813673811E+01  8.175100327E+00
1.814781398E+01  8.759285927E+00
1.815888985E+01  1.034709549E+01
1.816996572E+01  1.128307056E+01
1.818104159E+01  1.297253799E+01
1.819211746E+01  1.362575245E+01
1.820319333E+01  1.450472450E+01
1.821426920E+01  1.455090046E+01
1.822534507E+01  1.565836048E+01
1.823642094E+01  1.635301399E+01
1.824749681E+01  1.621398735E+01
1.825857268E+01  1.697323799E+01
1.826964856E+01  1.804117584E+01
1.828072443E+01  1.938704872E+01
1.829180030E+01  2.014855385E+01
1.830287617E+01  2.119141197E+01
1.831395204E+01  2.131956482E+01
1.832502791E+01  2.211503029E+01
1.833610378E+01  2.244814682E+01
1.834717965E+01  2.305619049E+01
1.835825552E+01  2.312125778E+01
1.836933139E+01  2.374853516E+01
1.838040726E+01  2.363036156E+01
1.839148313E+01  2.486409950E+01
1.840255900E+01  2.545824242E+01
1.841363487E+01  2.677918816E+01
1.842471074E+01  2.612180138E+01
1.843578661E+01  2.602776527E+01
1.844686249E+01  2.451410294E+01
1.845793836E+01  2.384808540E+01
1.846901423E+01  2.307846832E+01
1.848009010E+01  2.328184700E+01
1.849116597E+01  2.282875252E+01
1.850224184E+01  2.318103218E+01
1.851331771E+01  2.244530869E+01
1.852439358E+01  2.216301727E+01
1.853546945E+01  2.105553055E+01
1.854654532E+01  2.078928947E+01
1.855762119E+01  2.004929733E+01
1.856869706E+01  1.963920784E+01
1.857977293E+01  1.930262375E+01
1.859084880E+01  1.882783127E+01
1.860192467E+01  1.770087433E+01
1.861300054E+01  1.780575180E+01
1.862407641E+01  1.721567726E+01
1.863515229E+01  1.697872543E+01
1.864622816E+01  1.564541626E+01
1.865730403E+01  1.468693638E+01
1.866837990E+01  1.343848801E+01
1.867945577E+01  1.302532101E+01
1.869053164E+01  1.278778172E+01
1.870160751E+01  1.249883842E+01
1.871268338E+01  1.193976974E+01
1.872375925E+01  1.178272915E+01
1.873483512E+01  1.194743443E+01
1.874591099E+01  1.181283951E+01
1.875698686E+01  1.180746555E+01
1.876806273E+01  1.183200550E+01
1.877913860E+01  1.201738358E+01
1.879021447E+01  1.135585785E+01
1.880129034E+01  1.142611217E+01
1.881236621E+01  1.149311924E+01
1.882344209E+01  1.233381176E+01
1.883451796E+01  1.337600803E+01
1.884559383E+01  1.448600197E+01
1.885666970E+01  1.419561672E+01
1.886774557E+01  1.429375362E+01
1.887882144E+01  1.341477585E+01
1.888989731E+01  1.306828594E+01
1.890097318E+01  1.225900269E+01
1.891204905E+01  1.269061565E+01
1.892312492E+01  1.237955570E+01
1.893420079E+01  1.300728893E+01
1.894527666E+01  1.308754826E+01
1.895635253E+01  1.408352566E+01
1.896742840E+01  1.504092789E+01
1.897850427E+01  1.613704300E+01
1.898958014E+01  1.600472069E+01
1.900065602E+01  1.727850723E+01
1.901173189E+01  1.699699783E+01
1.902280776E+01  1.870561409E+01
1.903388363E+01  1.914410019E+01
1.904495950E+01  2.056953049E+01
1.905603537E+01  2.235297966E+01
1.906711124E+01  2.476151085E+01
1.907818711E+01  2.701140022E+01
1.908926298E+01  3.006866264E+01
1.910033885E+01  3.277870560E+01
1.911141472E+01  3.598399734E+01
1.912249059E+01  3.855702591E+01
1.913356646E+01  4.198184586E+01
1.914464233E+01  4.505524826E+01
1.915571820E+01  4.981815720E+01
1.916679407E+01  5.413180923E+01
1.917786994E+01  5.842017746E+01
1.918894582E+01  6.239116287E+01
1.920002169E+01  6.639524841E+01
1.921109756E+01  6.943306732E+01
1.922217343E+01  7.115684509E+01
1.923324930E+01  7.061922455E+01
1.924432517E+01  6.931666565E+01
1.925540104E+01  6.647296143E+01
1.926647691E+01  6.353770828E+01
1.927755278E+01  5.992439270E+01
1.928862865E+01  5.683801270E+01
1.929970452E+01  5.320401764E+01
1.931078039E+01  4.993639755E+01
1.932185626E+01  4.630707169E+01
1.933293213E+01  4.310357666E+01
1.934400800E+01  3.891620255E+01
1.935508387E+01  3.508818054E+01
1.936615974E+01  3.211899948E+01
1.937723562E+01  2.975694084E+01
1.938831149E+01  2.700591469E+01
1.939938736E+01  2.482687187E+01
1.941046323E+01  2.145641327E+01
1.942153910E+01  1.847977829E+01
1.943261497E+01  1.643852234E+01
1.944369084E+01  1.490936470E+01
1.945476671E+01  1.392948818E+01
1.946584258E+01  1.314960766E+01
1.947691845E+01  1.253514481E+01
1.948799432E+01  1.172242737E+01
1.949907019E+01  1.147791767E+01
1.951014606E+01  1.002780056E+01
1.952122193E+01  8.870481491E+00
1.953229780E+01  7.511936665E+00
1.954337367E+01  6.688126564E+00
1.955444955E+01  5.059081078E+00
1.956552542E+01  4.226725101E+00
1.957660129E+01  3.601329088E+00
1.958767716E+01  4.416401386E+00
1.959875303E+01  3.850267410E+00
1.960982890E+01  3.957954884E+00
1.962090477E+01  3.794481516E+00
1.963198064E+01  5.083799839E+00
1.964305651E+01  5.344771385E+00
1.965413238E+01  6.441461086E+00
1.966520825E+01  6.317996025E+00
1.967628412E+01  6.810090065E+00
1.968735999E+01  6.100853443E+00
1.969843586E+01  6.542813301E+00
1.970951173E+01  5.487991810E+00
1.972058760E+01  5.184390068E+00
1.973166347E+01  4.786730289E+00
1.974273935E+01  5.026866913E+00
1.975381522E+01  4.708903790E+00
1.976489109E+01  5.753628254E+00
1.977596696E+01  5.441188812E+00
1.978704283E+01  5.736535072E+00
1.979811870E+01  5.513784409E+00
1.980919457E+01  6.487132549E+00
1.982027044E+01  6.246499062E+00
1.983134631E+01  6.463340759E+00
1.984242218E+01  5.738798141E+00
1.985349805E+01  6.157651901E+00
1.986457392E+01  6.506832600E+00
1.987564979E+01  7.281037331E+00
1.988672566E+01  7.552117825E+00
1.989780153E+01  8.521817207E+00
1.990887740E+01  8.415813446E+00
1.991995327E+01  9.794515610E+00
1.993102915E+01  1.037557697E+01
1.994210502E+01  1.203950596E+01
1.995318089E+01  1.222445107E+01
1.996425676E+01  1.337981224E+01
1.997533263E+01  1.367156219E+01
1.998640850E+01  1.512703037E+01
1.999748437E+01  1.576306820E+01
2.000856024E+01  1.729821587E+01
2.001963611E+01  1.800377083E+01
2.003071198E+01  1.872600937E+01
2.004178785E+01  1.894550896E+01
2.005286372E+01  1.938163376E+01
2.006393959E+01  1.893517685E+01
2.007501546E+01  1.918638229E+01
2.008609133E+01  1.958588219E+01
2.009716720E+01  2.017904091E+01
2.010824308E+01  2.014429855E+01
2.011931895E+01  1.982781982E+01
2.013039482E+01  2.020053291E+01
2.014147069E+01  2.037667465E+01
2.015254656E+01  2.027858353E+01
2.016362243E+01  2.019943619E+01
2.017469830E+01  1.971193695E+01
2.018577417E+01  1.930967331E+01
2.019685004E+01  1.848303223E+01
2.020792591E+01  1.825655746E+01
2.021900178E+01  1.757028961E+01
2.023007765E+01  1.753513145E+01
2.024115352E+01  1.660497093E+01
2.025222939E+01  1.642213058E+01
2.026330526E+01  1.622117805E+01
2.027438113E+01  1.614362335E+01
2.028545700E+01  1.617150879E+01
2.029653288E+01  1.656882095E+01
2.030760875E+01  1.562782192E+01
2.031868462E+01  1.502233124E+01
2.032976049E+01  1.408067703E+01
2.034083636E+01  1.390410328E+01
2.035191223E+01  1.348176861E+01
2.036298810E+01  1.325398540E+01
2.037406397E+01  1.266911030E+01
2.038513984E+01  1.361543560E+01
2.039621571E+01  1.334282780E+01
2.040729158E+01  1.353378105E+01
2.041836745E+01  1.349947357E+01
2.042944332E+01  1.318172455E+01
2.044051919E+01  1.237615204E+01
2.045159506E+01  1.208642483E+01
2.046267093E+01  1.181626606E+01
2.047374680E+01  1.177404881E+01
2.048482268E+01  1.156860256E+01
2.049589855E+01  1.201390934E+01
2.050697442E+01  1.254975319E+01
2.051805029E+01  1.344754314E+01
2.052912616E+01  1.316455269E+01
2.054020203E+01  1.279997635E+01
2.055127790E+01  1.158979988E+01
2.056235377E+01  1.080229950E+01
2.057342964E+01  1.004784679E+01
2.058450551E+01  9.938813210E+00
2.059558138E+01  9.536332130E+00
2.060665725E+01  9.493595123E+00
2.061773312E+01  1.011735630E+01
2.062880899E+01  1.079174709E+01
2.063988486E+01  1.044187260E+01
2.065096073E+01  1.006870842E+01
2.066203661E+01  8.557672501E+00
2.067311248E+01  7.103897572E+00
2.068418835E+01  5.628715515E+00
2.069526422E+01  5.774757385E+00
2.070634009E+01  5.101252556E+00
2.071741596E+01  4.265900135E+00
2.072849183E+01  3.346885204E+00
2.073956770E+01  2.897562981E+00
2.075064357E+01  2.141530991E+00
2.076171944E+01  2.153792143E+00
2.077279531E+01  1.375174880E+00
2.078387118E+01  1.480278254E+00
2.079494705E+01  1.557678819E+00
2.080602292E+01  2.158066034E+00
2.081709879E+01  2.430030107E+00
2.082817466E+01  3.114743710E+00
2.083925053E+01  2.828246832E+00
2.085032641E+01  2.634751081E+00
2.086140228E+01  2.123119593E+00
2.087247815E+01  1.959665179E+00
2.088355402E+01  1.174833059E+00
2.089462989E+01  1.069017649E+00
2.090570576E+01  6.039655209E-01
2.091678163E+01  2.958738208E-01
2.092785750E+01  -2.926508784E-01
2.093893337E+01  5.099002719E-01
2.095000924E+01  1.175312638E+00
2.096108511E+01  1.724853992E+00
2.097216098E+01  1.606377363E+00
2.098323685E+01  1.549905062E+00
2.099431272E+01  1.014240146E+00
2.100538859E+01  1.062742114E+00
2.101646446E+01  6.494702101E-01
2.102754033E+01  9.214114547E-01
2.103861621E+01  6.542350650E-01
2.104969208E+01  6.882840395E-01
2.106076795E+01  4.119392633E-01
2.107184382E+01  9.586387277E-01
2.108291969E+01  5.077145100E-01
2.109399556E+01  5.154979229E-01
2.110507143E+01  -2.416769117E-01
2.111614730E+01  -4.507087767E-01
2.112722317E+01  -9.675873518E-01
2.113829904E+01  -3.313158154E-01
2.114937491E+01  -3.297320604E-01
2.116045078E+01  4.670616984E-01
2.117152665E+01  2.916614115E-01
2.118260252E+01  5.072831511E-01
2.119367839E+01  -1.047566384E-01
2.120475426E+01  -3.233194351E-01
2.121583014E+01  -3.757702112E-01
2.122690601E+01  3.007127047E-01
2.123798188E+01  -5.680368748E-03
2.124905775E+01  2.883321643E-01
2.126013362E+01  -2.043863088E-01
