4.901072741E+00  2.092676982E-02
4.912148611E+00  1.220600586E-02
4.923224482E+00  -1.665415317E-01
4.934300353E+00  2.011827677E-01
4.945376223E+00  -1.369772255E-01
4.956452094E+00  3.046395183E-01
4.967527964E+00  5.472359061E-01
4.978603835E+00  1.244022369E+00
4.989679706E+00  1.395003319E+00
5.000755576E+00  1.579815388E+00
5.011831447E+00  1.165931225E+00
5.022907317E+00  5.007980466E-01
5.033983188E+00  3.883086443E-01
5.045059059E+00  -1.211361066E-01
5.056134929E+00  1.148706581E-02
5.067210800E+00  2.835142612E-01
5.078286670E+00  5.896673799E-01
5.089362541E+00  7.418585420E-01
5.100438412E+00  8.297902346E-01
5.111514282E+00  1.452437282E+00
5.122590153E+00  1.753941298E+00
5.133666023E+00  2.440429211E+00
5.144741894E+00  2.292649508E+00
5.155817765E+00  2.809830427E+00
5.166893635E+00  3.051109076E+00
5.177969506E+00  3.010008335E+00
5.189045376E+00  2.825797319E+00
5.200121247E+00  2.802255154E+00
5.211197118E+00  3.199628115E+00
5.222272988E+00  2.600715399E+00
5.233348859E+00  2.750037909E+00
5.244424729E+00  2.281285286E+00
5.255500600E+00  2.602781057E+00
5.266576471E+00  2.536614895E+00
5.277652341E+00  2.789802551E+00
5.288728212E+00  3.299291134E+00
5.299804082E+00  3.394406080E+00
5.310879953E+00  3.805979729E+00
5.321955824E+00  3.850344658E+00
5.333031694E+00  4.486131668E+00
5.344107565E+00  3.474826097E+00
5.355183435E+00  3.163272142E+00
5.366259306E+00  2.806919336E+00
5.377335177E+00  3.314055920E+00
5.388411047E+00  3.802331924E+00
5.399486918E+00  4.070590973E+00
5.410562788E+00  4.030818939E+00
5.421638659E+00  3.350020170E+00
5.432714530E+00  3.003684998E+00
5.443790400E+00  3.079804897E+00
5.454866271E+00  3.555392027E+00
5.465942141E+00  4.323791027E+00
5.477018012E+00  4.860662937E+00
5.488093883E+00  5.222456932E+00
5.499169753E+00  4.608421803E+00
5.510245624E+00  4.594305992E+00
5.521321494E+00  4.188568592E+00
5.532397365E+00  4.631543159E+00
5.543473236E+00  4.726641655E+00
5.554549106E+00  4.945424557E+00
5.565624977E+00  5.022449017E+00
5.576700847E+00  4.757756233E+00
5.587776718E+00  4.909907341E+00
5.598852589E+00  4.705992222E+00
5.609928459E+00  4.900404453E+00
5.621004330E+00  4.441407204E+00
5.632080200E+00  4.230562687E+00
5.643156071E+00  4.021902084E+00
5.654231942E+00  3.903797626E+00
5.665307812E+00  3.701522589E+00
5.676383683E+00  3.402115107E+00
5.687459553E+00  3.593895674E+00
5.698535424E+00  3.213414192E+00
5.709611295E+00  3.521282911E+00
5.720687165E+00  3.462924719E+00
5.731763036E+00  3.694789410E+00
5.742838906E+00  3.828831196E+00
5.753914777E+00  4.014083385E+00
5.764990648E+00  3.638166428E+00
5.776066518E+00  3.210621357E+00
5.787142389E+00  3.025568008E+00
5.798218259E+00  2.648554564E+00
5.809294130E+00  2.790610552E+00
5.820370001E+00  3.036916494E+00
5.831445871E+00  3.323672056E+00
5.842521742E+00  4.011552334E+00
5.853597612E+00  4.428034306E+00
5.864673483E+00  4.948241234E+00
5.875749354E+00  4.807408333E+00
5.886825224E+00  5.532799721E+00
5.897901095E+00  5.501692295E+00
5.908976965E+00  6.298734665E+00
5.920052836E+00  6.190922260E+00
5.931128707E+00  6.365970612E+00
5.942204577E+00  6.008454323E+00
5.953280448E+00  5.465671539E+00
5.964356318E+00  5.194175243E+00
5.975432189E+00  4.736577988E+00
5.986508060E+00  4.783107758E+00
5.997583930E+00  4.140659809E+00
6.008659801E+00  3.935343027E+00
6.019735671E+00  3.309529543E+00
6.030811542E+00  3.309520006E+00
6.041887413E+00  3.841475487E+00
6.052963283E+00  4.532104015E+00
6.064039154E+00  5.162009239E+00
6.075115024E+00  5.243358612E+00
6.086190895E+00  5.201369286E+00
6.097266766E+00  5.174175262E+00
6.108342636E+00  5.918496609E+00
6.119418507E+00  5.825814247E+00
6.130494377E+00  5.942876816E+00
6.141570248E+00  6.562125206E+00
6.152646119E+00  7.363142014E+00
6.163721989E+00  9.306236267E+00
6.174797860E+00  1.154580498E+01
6.185873730E+00  1.513299847E+01
6.196949601E+00  1.888733864E+01
6.208025472E+00  2.293095589E+01
6.219101342E+00  2.592399979E+01
6.230177213E+00  2.613364601E+01
6.241253083E+00  2.439100647E+01
6.252328954E+00  2.152370834E+01
6.263404825E+00  1.783761978E+01
6.274480695E+00  1.398935318E+01
6.285556566E+00  1.182841682E+01
6.296632436E+00  9.026835442E+00
6.307708307E+00  7.929300785E+00
6.318784178E+00  6.454698086E+00
6.329860048E+00  5.496950150E+00
6.340935919E+00  4.838258266E+00
6.352011789E+00  4.468713284E+00
6.363087660E+00  4.443993092E+00
6.374163531E+00  4.112959862E+00
6.385239401E+00  4.126910686E+00
6.396315272E+00  3.653259039E+00
6.407391142E+00  3.564593077E+00
6.418467013E+00  3.487990379E+00
6.429542884E+00  3.426479101E+00
6.440618754E+00  2.897648096E+00
6.451694625E+00  2.279776812E+00
6.462770495E+00  2.263404131E+00
6.473846366E+00  2.771524906E+00
6.484922237E+00  3.396996737E+00
6.495998107E+00  3.189620256E+00
6.507073978E+00  3.453225613E+00
6.518149848E+00  3.275275469E+00
6.529225719E+00  3.180306435E+00
6.540301590E+00  3.248122931E+00
6.551377460E+00  3.704067945E+00
6.562453331E+00  4.048905849E+00
6.573529201E+00  3.734724283E+00
6.584605072E+00  3.655993223E+00
6.595680943E+00  3.331173658E+00
6.606756813E+00  2.778664112E+00
6.617832684E+00  2.121382952E+00
6.628908554E+00  1.745918393E+00
6.639984425E+00  1.856238246E+00
6.651060296E+00  1.729549527E+00
6.662136166E+00  2.129078388E+00
6.673212037E+00  2.369409084E+00
6.684287907E+00  2.729263544E+00
6.695363778E+00  2.754998684E+00
6.706439649E+00  2.643084288E+00
6.717515519E+00  2.439289570E+00
6.728591390E+00  2.040393591E+00
6.739667260E+00  2.190644503E+00
6.750743131E+00  2.286050320E+00
6.761819002E+00  2.871663570E+00
6.772894872E+00  2.664195061E+00
6.783970743E+00  3.053264856E+00
6.795046613E+00  2.894615412E+00
6.806122484E+00  3.017528296E+00
6.817198355E+00  2.897949696E+00
6.828274225E+00  2.583967924E+00
6.839350096E+00  2.392132998E+00
6.850425966E+00  1.944260836E+00
6.861501837E+00  1.952132344E+00
6.872577708E+00  1.750636339E+00
6.883653578E+00  1.619119525E+00
6.894729449E+00  1.128311038E+00
6.905805319E+00  1.025393486E+00
6.916881190E+00  1.402338147E+00
6.927957061E+00  1.660200357E+00
6.939032931E+00  1.864954352E+00
6.950108802E+00  1.612544775E+00
6.961184672E+00  1.848162532E+00
6.972260543E+00  1.592867851E+00
6.983336414E+00  1.789416432E+00
6.994412284E+00  1.530683041E+00
7.005488155E+00  1.791168690E+00
7.016564025E+00  1.788511872E+00
7.027639896E+00  1.905821085E+00
7.038715767E+00  1.905420423E+00
7.049791637E+00  1.391953945E+00
7.060867508E+00  1.665900826E+00
7.071943378E+00  1.969059110E+00
7.083019249E+00  2.637133598E+00
7.094095120E+00  2.923160315E+00
7.105170990E+00  2.862619877E+00
7.116246861E+00  2.342344999E+00
7.127322731E+00  1.868831038E+00
7.138398602E+00  1.530943632E+00
7.149474473E+00  1.285226703E+00
7.160550343E+00  1.188171864E+00
7.171626214E+00  8.745504618E-01
7.182702084E+00  9.329625368E-01
7.193777955E+00  6.190321445E-01
7.204853826E+00  3.489068747E-01
7.215929696E+00  4.782489538E-01
7.227005567E+00  5.089306235E-01
7.238081437E+00  8.430312872E-01
7.249157308E+00  1.079681873E+00
7.260233179E+00  1.544086099E+00
7.271309049E+00  1.206984758E+00
7.282384920E+00  1.113976240E+00
7.293460790E+00  6.045715213E-01
7.304536661E+00  4.502244592E-01
7.315612532E+00  1.442792565E-01
7.326688402E+00  4.821023345E-02
7.337764273E+00  4.222306311E-01
7.348840143E+00  9.364007115E-01
7.359916014E+00  9.969214797E-01
7.370991885E+00  8.924661875E-01
7.382067755E+00  7.336942554E-01
7.393143626E+00  3.779644668E-01
7.404219496E+00  2.584970593E-01
7.415295367E+00  4.025624096E-01
7.426371238E+00  3.829883933E-01
7.437447108E+00  5.683740973E-01
7.448522979E+00  7.513855696E-01
7.459598849E+00  1.321943402E+00
7.470674720E+00  1.192606926E+00
7.481750591E+00  1.206930637E+00
7.492826461E+00  9.996626973E-01
7.503902332E+00  1.083903909E+00
7.514978202E+00  8.308438063E-01
7.526054073E+00  3.339886665E-01
7.537129944E+00  2.891052663E-01
7.548205814E+00  1.601455510E-01
7.559281685E+00  7.130603194E-01
7.570357555E+00  4.987708032E-01
7.581433426E+00  6.402176023E-01
7.592509297E+00  5.857481956E-01
7.603585167E+00  5.898916721E-01
7.614661038E+00  7.955427170E-01
7.625736908E+00  5.520165563E-01
7.636812779E+00  9.486184716E-01
7.647888650E+00  1.106911182E+00
7.658964520E+00  1.217916608E+00
7.670040391E+00  7.628492117E-01
7.681116261E+00  7.899727225E-01
7.692192132E+00  4.766423702E-01
7.703268003E+00  2.989831865E-01
7.714343873E+00  4.868463874E-01
7.725419744E+00  5.304017067E-01
7.736495614E+00  7.020798922E-01
7.747571485E+00  7.494440675E-01
7.758647356E+00  1.411059380E+00
7.769723226E+00  1.477619648E+00
7.780799097E+00  2.202257156E+00
7.791874967E+00  2.169987917E+00
7.802950838E+00  2.101515055E+00
7.814026709E+00  1.568163753E+00
7.825102579E+00  1.276458263E+00
7.836178450E+00  8.713441491E-01
7.847254320E+00  5.862745643E-01
7.858330191E+00  4.200895131E-01
7.869406062E+00  -2.727740407E-01
7.880481932E+00  -3.627973050E-02
7.891557803E+00  -4.029411376E-01
7.902633673E+00  4.404453561E-02
7.913709544E+00  5.544021726E-01
7.924785415E+00  1.369317412E+00
7.935861285E+00  2.102478743E+00
7.946937156E+00  2.407191992E+00
7.958013026E+00  2.627380610E+00
7.969088897E+00  2.249153852E+00
7.980164768E+00  1.890552878E+00
7.991240638E+00  1.017614722E+00
8.002316509E+00  5.911613703E-01
8.013392379E+00  3.131067157E-01
8.024468250E+00  8.846203238E-02
8.035544121E+00  3.174188435E-01
8.046619991E+00  3.937923908E-01
8.057695862E+00  7.028236985E-01
8.068771732E+00  6.230407953E-01
8.079847603E+00  8.428475261E-01
8.090923474E+00  4.845159352E-01
8.101999344E+00  4.972523153E-01
8.113075215E+00  3.437505960E-01
8.124151085E+00  5.542689562E-01
8.135226956E+00  1.024938703E+00
8.146302827E+00  1.875826716E+00
8.157378697E+00  2.714728832E+00
8.168454568E+00  2.730919123E+00
8.179530438E+00  2.763570309E+00
8.190606309E+00  2.794184923E+00
8.201682180E+00  3.450836658E+00
8.212758050E+00  3.591941357E+00
8.223833921E+00  3.673259974E+00
8.234909791E+00  3.972874880E+00
8.245985662E+00  4.125643730E+00
8.257061533E+00  4.808257580E+00
8.268137403E+00  4.941602707E+00
8.279213274E+00  5.355556011E+00
8.290289144E+00  4.436688423E+00
8.301365015E+00  4.076051712E+00
8.312440886E+00  3.507432938E+00
8.323516756E+00  3.562085390E+00
8.334592627E+00  3.160550833E+00
8.345668497E+00  2.614568472E+00
8.356744368E+00  2.558014870E+00
8.367820239E+00  2.283817291E+00
8.378896109E+00  2.444607735E+00
8.389971980E+00  1.990039349E+00
8.401047850E+00  2.279916048E+00
8.412123721E+00  2.201134920E+00
8.423199592E+00  2.175469875E+00
8.434275462E+00  1.480188966E+00
8.445351333E+00  1.288123846E+00
8.456427203E+00  1.762825012E+00
8.467503074E+00  2.319883347E+00
8.478578945E+00  2.624672651E+00
8.489654815E+00  2.275638103E+00
8.500730686E+00  2.419776440E+00
8.511806556E+00  1.812693596E+00
8.522882427E+00  1.568331361E+00
8.533958298E+00  9.859022498E-01
8.545034168E+00  6.003666520E-01
8.556110039E+00  3.133531511E-01
8.567185909E+00  2.790846527E-01
8.578261780E+00  5.479029417E-01
8.589337651E+00  4.248202145E-01
8.600413521E+00  6.504889131E-01
8.611489392E+00  1.393002719E-01
8.622565262E+00  4.925989807E-01
8.633641133E+00  1.662861556E-01
8.644717004E+00  1.259711981E-01
8.655792874E+00  2.057369202E-01
8.666868745E+00  4.561013579E-01
8.677944615E+00  3.895626068E-01
8.689020486E+00  2.442407012E-01
8.700096357E+00  4.344088137E-01
8.711172227E+00  1.187615842E-01
8.722248098E+00  7.227200270E-02
8.733323968E+00  -2.586019039E-01
8.744399839E+00  -2.602503300E-01
8.755475710E+00  -1.979929954E-01
8.766551580E+00  -6.056136265E-02
8.777627451E+00  1.529447436E-01
8.788703321E+00  2.335028648E-01
8.799779192E+00  3.273535669E-01
8.810855063E+00  -6.503713131E-02
8.821930933E+00  -1.694219708E-01
8.833006804E+00  -7.683998942E-01
8.844082674E+00  -5.619813204E-01
8.855158545E+00  -2.169350386E-01
8.866234416E+00  5.188623071E-01
8.877310286E+00  9.165238142E-01
8.888386157E+00  1.390694380E+00
8.899462027E+00  1.629494190E+00
8.910537898E+00  1.817480206E+00
8.921613769E+00  2.073878527E+00
8.932689639E+00  2.539405823E+00
8.943765510E+00  2.913959503E+00
8.954841380E+00  3.213665485E+00
8.965917251E+00  3.198918819E+00
8.976993122E+00  3.498710871E+00
8.988068992E+00  4.292026520E+00
8.999144863E+00  4.845043659E+00
9.010220733E+00  5.039545059E+00
9.021296604E+00  5.496727467E+00
9.032372475E+00  5.854454517E+00
9.043448345E+00  6.701519489E+00
9.054524216E+00  7.638133049E+00
9.065600086E+00  9.008006096E+00
9.076675957E+00  1.018497467E+01
9.087751828E+00  1.251858044E+01
9.098827698E+00  1.490133762E+01
9.109903569E+00  1.720573997E+01
9.120979439E+00  2.022133255E+01
9.132055310E+00  2.423235321E+01
9.143131181E+00  2.984371376E+01
9.154207051E+00  3.654628372E+01
9.165282922E+00  4.502596664E+01
9.176358792E+00  5.535589981E+01
9.187434663E+00  6.886987305E+01
9.198510534E+00  8.642189789E+01
9.209586404E+00  1.115096359E+02
9.220662275E+00  1.440509796E+02
9.231738145E+00  1.883545074E+02
9.242814016E+00  2.419151611E+02
9.253889887E+00  3.035333252E+02
9.264965757E+00  3.653689270E+02
9.276041628E+00  4.135504456E+02
9.287117498E+00  4.505234680E+02
9.298193369E+00  4.592656860E+02
9.309269240E+00  4.442659302E+02
9.320345110E+00  4.144481506E+02
9.331420981E+00  3.707769470E+02
9.342496851E+00  3.294773254E+02
9.353572722E+00  2.785773315E+02
9.364648593E+00  2.333977814E+02
9.375724463E+00  1.865469666E+02
9.386800334E+00  1.514513092E+02
9.397876205E+00  1.232970123E+02
9.408952075E+00  1.032526779E+02
9.420027946E+00  8.935812378E+01
9.431103816E+00  8.026425171E+01
9.442179687E+00  7.579284668E+01
9.453255558E+00  7.571820831E+01
9.464331428E+00  7.973826599E+01
9.475407299E+00  8.660766602E+01
9.486483169E+00  9.643716431E+01
9.497559040E+00  1.094423904E+02
9.508634911E+00  1.262949448E+02
9.519710781E+00  1.459691772E+02
9.530786652E+00  1.656933289E+02
9.541862522E+00  1.827696075E+02
9.552938393E+00  1.915392303E+02
9.564014264E+00  1.940433350E+02
9.575090134E+00  1.857294769E+02
9.586166005E+00  1.716834717E+02
9.597241875E+00  1.522088623E+02
9.608317746E+00  1.320229340E+02
9.619393617E+00  1.125075531E+02
9.630469487E+00  9.499778748E+01
9.641545358E+00  7.945012665E+01
9.652621228E+00  6.673988342E+01
9.663697099E+00  5.703192520E+01
9.674772970E+00  4.961545563E+01
9.685848840E+00  4.446125412E+01
9.696924711E+00  4.098408127E+01
9.708000581E+00  3.901609421E+01
9.719076452E+00  3.750026321E+01
9.730152323E+00  3.641477585E+01
9.741228193E+00  3.607280350E+01
9.752304064E+00  3.743456268E+01
9.763379934E+00  3.902185440E+01
9.774455805E+00  4.223794937E+01
9.785531676E+00  4.406912613E+01
9.796607546E+00  4.781670380E+01
9.807683417E+00  4.925782776E+01
9.818759287E+00  5.076001358E+01
9.829835158E+00  5.013639450E+01
9.840911029E+00  4.827500153E+01
9.851986899E+00  4.474797058E+01
9.863062770E+00  4.199869537E+01
9.874138640E+00  4.062285614E+01
9.885214511E+00  3.903314590E+01
9.896290382E+00  3.748549271E+01
9.907366252E+00  3.613384628E+01
9.918442123E+00  3.437027740E+01
9.929517993E+00  3.274140930E+01
9.940593864E+00  3.057455826E+01
9.951669735E+00  2.806836128E+01
9.962745605E+00  2.508084679E+01
9.973821476E+00  2.247083855E+01
9.984897346E+00  2.048021889E+01
9.995973217E+00  1.854899406E+01
1.000704909E+01  1.695564270E+01
1.001812496E+01  1.507547569E+01
1.002920083E+01  1.376009655E+01
1.004027670E+01  1.150942421E+01
1.005135257E+01  1.018964958E+01
1.006242844E+01  8.372380257E+00
1.007350431E+01  7.318006516E+00
1.008458018E+01  6.290458679E+00
1.009565605E+01  5.425433159E+00
1.010673192E+01  4.273543835E+00
1.011780779E+01  3.014737606E+00
1.012888366E+01  2.335126162E+00
1.013995953E+01  1.838392973E+00
1.015103541E+01  1.798081756E+00
1.016211128E+01  1.482181072E+00
1.017318715E+01  1.938494444E+00
1.018426302E+01  1.670848370E+00
1.019533889E+01  2.322014332E+00
1.020641476E+01  2.886630058E+00
1.021749063E+01  3.984575748E+00
1.022856650E+01  4.800274372E+00
1.023964237E+01  5.331317902E+00
1.025071824E+01  6.414407253E+00
1.026179411E+01  8.058819771E+00
1.027286998E+01  1.149034882E+01
1.028394585E+01  1.529968739E+01
1.029502172E+01  2.068100929E+01
1.030609759E+01  2.619503021E+01
1.031717346E+01  3.242499161E+01
1.032824933E+01  3.898634720E+01
1.033932521E+01  4.614269257E+01
1.035040108E+01  5.561949539E+01
1.036147695E+01  6.674643707E+01
1.037255282E+01  7.967498016E+01
1.038362869E+01  9.667486572E+01
1.039470456E+01  1.130871811E+02
1.040578043E+01  1.341164856E+02
1.041685630E+01  1.536562042E+02
1.042793217E+01  1.695220490E+02
1.043900804E+01  1.797139740E+02
1.045008391E+01  1.840174255E+02
1.046115978E+01  1.789411621E+02
1.047223565E+01  1.694878082E+02
1.048331152E+01  1.545841217E+02
1.049438739E+01  1.388675995E+02
1.050546326E+01  1.193389893E+02
1.051653914E+01  1.011224289E+02
1.052761501E+01  8.438574982E+01
1.053869088E+01  6.901817322E+01
1.054976675E+01  5.570676041E+01
1.056084262E+01  4.535499954E+01
1.057191849E+01  3.697112274E+01
1.058299436E+01  3.068423653E+01
1.059407023E+01  2.610922432E+01
1.060514610E+01  2.220389938E+01
1.061622197E+01  1.916041565E+01
1.062729784E+01  1.628091240E+01
1.063837371E+01  1.405835629E+01
1.064944958E+01  1.233905029E+01
1.066052545E+01  1.090581608E+01
1.067160132E+01  9.707191467E+00
1.068267719E+01  8.905699730E+00
1.069375306E+01  8.350150108E+00
1.070482894E+01  8.081396103E+00
1.071590481E+01  7.696569443E+00
1.072698068E+01  7.407580853E+00
1.073805655E+01  6.769360065E+00
1.074913242E+01  6.072556496E+00
1.076020829E+01  5.533543110E+00
1.077128416E+01  4.863659382E+00
1.078236003E+01  4.526598454E+00
1.079343590E+01  4.193942070E+00
1.080451177E+01  3.644848108E+00
1.081558764E+01  3.055604696E+00
1.082666351E+01  2.417474270E+00
1.083773938E+01  2.178388357E+00
1.084881525E+01  1.676601529E+00
1.085989112E+01  1.899877667E+00
1.087096699E+01  1.879929423E+00
1.088204286E+01  1.914983630E+00
1.089311874E+01  1.442522407E+00
1.090419461E+01  6.754527092E-01
1.091527048E+01  -5.533364415E-02
1.092634635E+01  -3.041339219E-01
1.093742222E+01  -2.943395078E-01
1.094849809E+01  -3.341464102E-01
1.095957396E+01  4.977768287E-02
1.097064983E+01  6.630746722E-01
1.098172570E+01  1.304493070E+00
1.099280157E+01  1.658893108E+00
1.100387744E+01  2.221166611E+00
1.101495331E+01  2.537081480E+00
1.102602918E+01  3.083774567E+00
1.103710505E+01  4.511054039E+00
1.104818092E+01  5.422711372E+00
1.105925679E+01  6.576561928E+00
1.107033267E+01  7.191636086E+00
1.108140854E+01  7.926419735E+00
1.109248441E+01  8.326668739E+00
1.110356028E+01  9.468354225E+00
1.111463615E+01  1.034657764E+01
1.112571202E+01  1.166090870E+01
1.113678789E+01  1.336757088E+01
1.114786376E+01  1.491729832E+01
1.115893963E+01  1.649291039E+01
1.117001550E+01  1.742261505E+01
1.118109137E+01  1.896695900E+01
1.119216724E+01  2.046773338E+01
1.120324311E+01  2.246609306E+01
1.121431898E+01  2.434484673E+01
1.122539485E+01  2.629642677E+01
1.123647072E+01  2.760463524E+01
1.124754659E+01  2.979552841E+01
1.125862247E+01  3.216358566E+01
1.126969834E+01  3.535192871E+01
1.128077421E+01  3.938598633E+01
1.129185008E+01  4.377417755E+01
1.130292595E+01  4.903125000E+01
1.131400182E+01  5.432546234E+01
1.132507769E+01  6.039190292E+01
1.133615356E+01  6.658901215E+01
1.134722943E+01  7.361914825E+01
1.135830530E+01  8.064080811E+01
1.136938117E+01  8.839364624E+01
1.138045704E+01  9.431848145E+01
1.139153291E+01  1.004371338E+02
1.140260878E+01  1.048547897E+02
1.141368465E+01  1.069621658E+02
1.142476052E+01  1.091473465E+02
1.143583639E+01  1.071880417E+02
1.144691227E+01  1.023814621E+02
1.145798814E+01  9.301587677E+01
1.146906401E+01  8.403723145E+01
1.148013988E+01  7.497163391E+01
1.149121575E+01  6.699555969E+01
1.150229162E+01  6.191558075E+01
1.151336749E+01  5.762463760E+01
1.152444336E+01  5.384367371E+01
1.153551923E+01  5.024382401E+01
1.154659510E+01  4.627527237E+01
1.155767097E+01  4.206087112E+01
1.156874684E+01  3.770063782E+01
1.157982271E+01  3.473465729E+01
1.159089858E+01  3.218848419E+01
1.160197445E+01  3.106331825E+01
1.161305032E+01  2.938836670E+01
1.162412620E+01  2.668692398E+01
1.163520207E+01  2.284958649E+01
1.164627794E+01  1.896836662E+01
1.165735381E+01  1.598878860E+01
1.166842968E+01  1.318603230E+01
1.167950555E+01  1.132825184E+01
1.169058142E+01  9.732613564E+00
1.170165729E+01  8.130348206E+00
1.171273316E+01  6.616207123E+00
1.172380903E+01  5.357026577E+00
1.173488490E+01  4.599903584E+00
1.174596077E+01  3.873489857E+00
1.175703664E+01  3.374986410E+00
1.176811251E+01  2.903278828E+00
1.177918838E+01  2.260397196E+00
1.179026425E+01  1.888905048E+00
1.180134012E+01  1.369520426E+00
1.181241600E+01  1.173160315E+00
1.182349187E+01  6.732694507E-01
1.183456774E+01  2.709735632E-01
1.184564361E+01  -1.824351996E-01
1.185671948E+01  1.246335804E-01
1.186779535E+01  3.346579149E-02
1.187887122E+01  7.409400940E-01
1.188994709E+01  8.100261092E-01
1.190102296E+01  7.706145644E-01
1.191209883E+01  3.503829241E-01
1.192317470E+01  8.395351470E-03
1.193425057E+01  -1.008164436E-01
1.194532644E+01  -1.616915688E-02
1.195640231E+01  7.823525667E-01
1.196747818E+01  1.345772624E+00
1.197855405E+01  2.420186043E+00
1.198962993E+01  3.006390095E+00
1.200070580E+01  3.690145969E+00
1.201178167E+01  3.614773512E+00
1.202285754E+01  3.988720179E+00
1.203393341E+01  4.693836689E+00
1.204500928E+01  5.821266651E+00
1.205608515E+01  6.834286690E+00
1.206716102E+01  8.159373283E+00
1.207823689E+01  1.003886127E+01
1.208931276E+01  1.131591797E+01
1.210038863E+01  1.277780628E+01
1.211146450E+01  1.396575737E+01
1.212254037E+01  1.558653259E+01
1.213361624E+01  1.602499771E+01
1.214469211E+01  1.652148438E+01
1.215576798E+01  1.602965164E+01
1.216684385E+01  1.475980568E+01
1.217791973E+01  1.329787064E+01
1.218899560E+01  1.188406467E+01
1.220007147E+01  1.088238907E+01
1.221114734E+01  9.530686378E+00
1.222222321E+01  8.749967575E+00
1.223329908E+01  7.615661144E+00
1.224437495E+01  6.960889339E+00
1.225545082E+01  5.416930676E+00
1.226652669E+01  4.850049973E+00
1.227760256E+01  3.760849953E+00
1.228867843E+01  3.617829800E+00
1.229975430E+01  3.096764088E+00
1.231083017E+01  2.898207426E+00
1.232190604E+01  2.806759357E+00
1.233298191E+01  2.810693502E+00
1.234405778E+01  3.240140438E+00
1.235513365E+01  3.527281284E+00
1.236620953E+01  4.387804031E+00
1.237728540E+01  4.862469196E+00
1.238836127E+01  5.853364468E+00
1.239943714E+01  6.083986282E+00
1.241051301E+01  7.019651890E+00
1.242158888E+01  7.979192734E+00
1.243266475E+01  9.743901253E+00
1.244374062E+01  1.146506310E+01
1.245481649E+01  1.370729160E+01
1.246589236E+01  1.644975281E+01
1.247696823E+01  1.845438004E+01
1.248804410E+01  2.076594543E+01
1.249911997E+01  2.245631981E+01
1.251019584E+01  2.428437996E+01
1.252127171E+01  2.523123169E+01
1.253234758E+01  2.676778412E+01
1.254342346E+01  2.646669006E+01
1.255449933E+01  2.679134750E+01
1.256557520E+01  2.557191086E+01
1.257665107E+01  2.387400818E+01
1.258772694E+01  1.986269188E+01
1.259880281E+01  1.727740669E+01
1.260987868E+01  1.451794529E+01
1.262095455E+01  1.213917828E+01
1.263203042E+01  1.071300983E+01
1.264310629E+01  9.292112350E+00
1.265418216E+01  8.812641144E+00
1.266525803E+01  7.883478165E+00
1.267633390E+01  8.411355019E+00
1.268740977E+01  8.016504288E+00
1.269848564E+01  8.341492653E+00
1.270956151E+01  7.914751530E+00
1.272063738E+01  7.454407215E+00
1.273171326E+01  6.699824333E+00
1.274278913E+01  5.858994961E+00
1.275386500E+01  5.283158302E+00
1.276494087E+01  4.534247398E+00
1.277601674E+01  4.144103050E+00
1.278709261E+01  3.396212578E+00
1.279816848E+01  3.027554989E+00
1.280924435E+01  2.524680614E+00
1.282032022E+01  2.743768454E+00
1.283139609E+01  2.782208920E+00
1.284247196E+01  3.079920292E+00
1.285354783E+01  3.427652121E+00
1.286462370E+01  3.848574877E+00
1.287569957E+01  4.548355579E+00
1.288677544E+01  4.783258438E+00
1.289785131E+01  5.052774906E+00
1.290892718E+01  5.105236053E+00
1.292000306E+01  5.369272232E+00
1.293107893E+01  5.164017677E+00
1.294215480E+01  5.983900547E+00
1.295323067E+01  5.809129238E+00
1.296430654E+01  5.929055214E+00
1.297538241E+01  5.603065014E+00
1.298645828E+01  5.537932396E+00
1.299753415E+01  5.366703510E+00
1.300861002E+01  5.661207676E+00
1.301968589E+01  5.764331818E+00
1.303076176E+01  5.761153698E+00
1.304183763E+01  6.443111897E+00
1.305291350E+01  7.139793873E+00
1.306398937E+01  8.342653275E+00
1.307506524E+01  8.476802826E+00
1.308614111E+01  9.058419228E+00
1.309721699E+01  9.239728928E+00
1.310829286E+01  1.049138165E+01
1.311936873E+01  1.115908909E+01
1.313044460E+01  1.251184464E+01
1.314152047E+01  1.317356110E+01
1.315259634E+01  1.439217758E+01
1.316367221E+01  1.547905159E+01
1.317474808E+01  1.732885361E+01
1.318582395E+01  2.036329460E+01
1.319689982E+01  2.354919243E+01
1.320797569E+01  2.788962173E+01
1.321905156E+01  3.212868500E+01
1.323012743E+01  3.907939529E+01
1.324120330E+01  4.617482376E+01
1.325227917E+01  5.631776428E+01
1.326335504E+01  6.835090637E+01
1.327443091E+01  8.376998901E+01
1.328550679E+01  1.026460419E+02
1.329658266E+01  1.246931381E+02
1.330765853E+01  1.476262207E+02
1.331873440E+01  1.668588104E+02
1.332981027E+01  1.790188293E+02
1.334088614E+01  1.798171234E+02
1.335196201E+01  1.726911469E+02
1.336303788E+01  1.585795288E+02
1.337411375E+01  1.432526398E+02
1.338518962E+01  1.273929825E+02
1.339626549E+01  1.137850189E+02
1.340734136E+01  1.012227173E+02
1.341841723E+01  9.126171875E+01
1.342949310E+01  8.308158875E+01
1.344056897E+01  7.767883301E+01
1.345164484E+01  7.332189178E+01
1.346272071E+01  7.120328522E+01
1.347379659E+01  6.964360046E+01
1.348487246E+01  6.936720276E+01
1.349594833E+01  6.982113647E+01
1.350702420E+01  7.046086121E+01
1.351810007E+01  7.143560028E+01
1.352917594E+01  7.151190948E+01
1.354025181E+01  7.129385376E+01
1.355132768E+01  6.900823975E+01
1.356240355E+01  6.628269196E+01
1.357347942E+01  6.237208176E+01
1.358455529E+01  5.799027634E+01
1.359563116E+01  5.339811707E+01
1.360670703E+01  4.903187943E+01
1.361778290E+01  4.507080078E+01
1.362885877E+01  4.189730453E+01
1.363993464E+01  3.913466263E+01
1.365101052E+01  3.624353409E+01
1.366208639E+01  3.392757034E+01
1.367316226E+01  3.104494667E+01
1.368423813E+01  2.888359261E+01
1.369531400E+01  2.611381912E+01
1.370638987E+01  2.395213318E+01
1.371746574E+01  2.196373558E+01
1.372854161E+01  2.021809769E+01
1.373961748E+01  1.782551765E+01
1.375069335E+01  1.557604313E+01
1.376176922E+01  1.351923561E+01
1.377284509E+01  1.155451107E+01
1.378392096E+01  9.857344627E+00
1.379499683E+01  8.619382858E+00
1.380607270E+01  7.535930634E+00
1.381714857E+01  6.387620449E+00
1.382822444E+01  5.699404716E+00
1.383930032E+01  4.751117706E+00
1.385037619E+01  4.644551754E+00
1.386145206E+01  4.134940624E+00
1.387252793E+01  4.124489307E+00
1.388360380E+01  3.638508558E+00
1.389467967E+01  3.341896534E+00
1.390575554E+01  2.703322411E+00
1.391683141E+01  2.230150223E+00
1.392790728E+01  1.956599355E+00
1.393898315E+01  1.500385165E+00
1.395005902E+01  1.389683962E+00
1.396113489E+01  1.280906916E+00
1.397221076E+01  1.600546002E+00
1.398328663E+01  1.309395552E+00
1.399436250E+01  1.391443372E+00
1.400543837E+01  1.155995846E+00
1.401651424E+01  1.512274384E+00
1.402759012E+01  1.370966673E+00
1.403866599E+01  1.109802485E+00
1.404974186E+01  6.718815565E-01
1.406081773E+01  8.623659015E-01
1.407189360E+01  9.663997293E-01
1.408296947E+01  9.753667712E-01
1.409404534E+01  1.100501537E+00
1.410512121E+01  1.044556618E+00
1.411619708E+01  1.260226130E+00
1.412727295E+01  9.546007514E-01
1.413834882E+01  1.279109836E+00
1.414942469E+01  1.294670105E+00
1.416050056E+01  1.653814912E+00
1.417157643E+01  1.255784273E+00
1.418265230E+01  1.410221696E+00
1.419372817E+01  1.036880732E+00
1.420480405E+01  1.093970418E+00
1.421587992E+01  1.085967183E+00
1.422695579E+01  1.237260580E+00
1.423803166E+01  1.168055892E+00
1.424910753E+01  1.194911718E+00
1.426018340E+01  1.096487164E+00
1.427125927E+01  1.190384865E+00
1.428233514E+01  1.155416369E+00
1.429341101E+01  6.771106124E-01
1.430448688E+01  4.961751103E-01
1.431556275E+01  1.260256916E-01
1.432663862E+01  1.903716624E-01
1.433771449E+01  -4.657001495E-01
1.434879036E+01  -6.871024966E-01
1.435986623E+01  -9.831739664E-01
1.437094210E+01  -5.008236766E-01
1.438201797E+01  -3.154858351E-01
1.439309385E+01  2.878131866E-01
1.440416972E+01  8.800065517E-01
1.441524559E+01  1.766282678E+00
1.442632146E+01  2.204652071E+00
1.443739733E+01  2.418887138E+00
1.444847320E+01  2.787119389E+00
1.445954907E+01  2.957319260E+00
1.447062494E+01  3.375859737E+00
1.448170081E+01  4.115702629E+00
1.449277668E+01  5.475946426E+00
1.450385255E+01  6.324904442E+00
1.451492842E+01  8.145394325E+00
1.452600429E+01  9.276250839E+00
1.453708016E+01  1.153568268E+01
1.454815603E+01  1.334297180E+01
1.455923190E+01  1.630111694E+01
1.457030777E+01  1.985424232E+01
1.458138365E+01  2.373016548E+01
1.459245952E+01  2.852407455E+01
1.460353539E+01  3.155497360E+01
1.461461126E+01  3.408931732E+01
1.462568713E+01  3.504626465E+01
1.463676300E+01  3.599030304E+01
1.464783887E+01  3.492336273E+01
1.465891474E+01  3.441883850E+01
1.466999061E+01  3.165828323E+01
1.468106648E+01  2.930316734E+01
1.469214235E+01  2.526849937E+01
1.470321822E+01  2.153020477E+01
1.471429409E+01  1.718554115E+01
1.472536996E+01  1.412266064E+01
1.473644583E+01  1.123685741E+01
1.474752170E+01  9.199544907E+00
1.475859758E+01  7.519966602E+00
1.476967345E+01  5.874295712E+00
1.478074932E+01  4.804244041E+00
1.479182519E+01  4.091818333E+00
1.480290106E+01  3.784708977E+00
1.481397693E+01  3.847537279E+00
1.482505280E+01  4.287769794E+00
1.483612867E+01  4.482928753E+00
1.484720454E+01  5.358874321E+00
1.485828041E+01  5.983982563E+00
1.486935628E+01  6.751885891E+00
1.488043215E+01  6.806519985E+00
1.489150802E+01  7.840831280E+00
1.490258389E+01  8.561009407E+00
1.491365976E+01  9.345422745E+00
1.492473563E+01  9.465203285E+00
1.493581150E+01  9.360178947E+00
1.494688738E+01  8.602992058E+00
1.495796325E+01  7.843066216E+00
1.496903912E+01  6.977322102E+00
1.498011499E+01  5.879730701E+00
1.499119086E+01  4.615057945E+00
1.500226673E+01  3.549705267E+00
1.501334260E+01  2.696070910E+00
1.502441847E+01  1.930016518E+00
1.503549434E+01  1.329186201E+00
1.504657021E+01  4.997885227E-01
1.505764608E+01  8.672842383E-02
1.506872195E+01  -4.372690022E-01
1.507979782E+01  -4.788118601E-01
1.509087369E+01  -3.446543217E-01
1.510194956E+01  2.160670608E-01
1.511302543E+01  4.265674651E-01
1.512410130E+01  7.543253303E-01
1.513517718E+01  1.117259383E+00
1.514625305E+01  1.226807237E+00
1.515732892E+01  1.479526758E+00
1.516840479E+01  1.898197889E+00
1.517948066E+01  3.396287203E+00
1.519055653E+01  4.795953751E+00
1.520163240E+01  6.430772305E+00
1.521270827E+01  7.430886269E+00
1.522378414E+01  8.174062729E+00
1.523486001E+01  8.027264595E+00
1.524593588E+01  9.093663216E+00
1.525701175E+01  1.017723656E+01
1.526808762E+01  1.252605629E+01
1.527916349E+01  1.487092018E+01
1.529023936E+01  1.863055801E+01
1.530131523E+01  2.283459854E+01
1.531239111E+01  2.842594337E+01
1.532346698E+01  3.406416702E+01
1.533454285E+01  4.065824127E+01
1.534561872E+01  4.755871964E+01
1.535669459E+01  5.476697922E+01
1.536777046E+01  6.260868454E+01
1.537884633E+01  6.900415039E+01
1.538992220E+01  7.575060272E+01
1.540099807E+01  8.033861542E+01
1.541207394E+01  8.091794586E+01
1.542314981E+01  7.940605164E+01
1.543422568E+01  7.583832550E+01
1.544530155E+01  6.965730286E+01
1.545637742E+01  6.218999100E+01
1.546745329E+01  5.245890045E+01
1.547852916E+01  4.099153137E+01
1.548960503E+01  3.075485420E+01
1.550068091E+01  2.288403893E+01
1.551175678E+01  1.741392136E+01
1.552283265E+01  1.392804050E+01
1.553390852E+01  1.126127911E+01
1.554498439E+01  9.272444725E+00
1.555606026E+01  7.192782402E+00
1.556713613E+01  5.262506962E+00
1.557821200E+01  4.142733097E+00
1.558928787E+01  3.370366573E+00
1.560036374E+01  3.310866356E+00
1.561143961E+01  3.177406549E+00
1.562251548E+01  3.367914915E+00
1.563359135E+01  2.863385677E+00
1.564466722E+01  2.730140686E+00
1.565574309E+01  2.584609032E+00
1.566681896E+01  2.852301598E+00
1.567789483E+01  3.163134575E+00
1.568897071E+01  3.845996380E+00
1.570004658E+01  3.942605019E+00
1.571112245E+01  3.999558926E+00
1.572219832E+01  3.646767616E+00
1.573327419E+01  3.366740227E+00
1.574435006E+01  3.389908075E+00
1.575542593E+01  3.519454956E+00
1.576650180E+01  4.171783447E+00
1.577757767E+01  4.768847942E+00
1.578865354E+01  5.092770100E+00
1.579972941E+01  5.576854229E+00
1.581080528E+01  6.475386143E+00
1.582188115E+01  7.405686855E+00
1.583295702E+01  8.810637474E+00
1.584403289E+01  9.789916992E+00
1.585510876E+01  1.152297592E+01
1.586618464E+01  1.308714962E+01
1.587726051E+01  1.506947803E+01
1.588833638E+01  1.706371498E+01
1.589941225E+01  1.928048897E+01
1.591048812E+01  2.140107727E+01
1.592156399E+01  2.277728271E+01
1.593263986E+01  2.428898430E+01
1.594371573E+01  2.521376419E+01
1.595479160E+01  2.617851067E+01
1.596586747E+01  2.667466736E+01
1.597694334E+01  2.748818016E+01
1.598801921E+01  2.794551468E+01
1.599909508E+01  2.874649239E+01
1.601017095E+01  2.855436707E+01
1.602124682E+01  2.903276825E+01
1.603232269E+01  2.860465240E+01
1.604339856E+01  2.845604706E+01
1.605447444E+01  2.787978554E+01
1.606555031E+01  2.850915337E+01
1.607662618E+01  2.821425629E+01
1.608770205E+01  2.853176498E+01
1.609877792E+01  2.786681557E+01
1.610985379E+01  2.754544640E+01
1.612092966E+01  2.681666756E+01
1.613200553E+01  2.659031868E+01
1.614308140E+01  2.634258270E+01
1.615415727E+01  2.582088852E+01
1.616523314E+01  2.507166862E+01
1.617630901E+01  2.436468887E+01
1.618738488E+01  2.393431664E+01
1.619846075E+01  2.300789833E+01
1.620953662E+01  2.238303185E+01
1.622061249E+01  2.146278763E+01
1.623168836E+01  2.077889633E+01
1.624276424E+01  1.979375458E+01
1.625384011E+01  1.928232193E+01
1.626491598E+01  1.857509804E+01
1.627599185E+01  1.885829926E+01
1.628706772E+01  1.860409164E+01
1.629814359E+01  1.921109200E+01
1.630921946E+01  1.972556877E+01
1.632029533E+01  2.093865776E+01
1.633137120E+01  2.224263382E+01
1.634244707E+01  2.457280159E+01
1.635352294E+01  2.749917030E+01
1.636459881E+01  3.132606506E+01
1.637567468E+01  3.559420395E+01
1.638675055E+01  4.117681503E+01
1.639782642E+01  4.667815781E+01
1.640890229E+01  5.234042358E+01
1.641997817E+01  5.701615906E+01
1.643105404E+01  5.998106384E+01
1.644212991E+01  6.132273102E+01
1.645320578E+01  5.938168335E+01
1.646428165E+01  5.608694839E+01
1.647535752E+01  5.020427322E+01
1.648643339E+01  4.459230804E+01
1.649750926E+01  3.921157455E+01
1.650858513E+01  3.530353165E+01
1.651966100E+01  3.176137352E+01
1.653073687E+01  2.889778900E+01
1.654181274E+01  2.533162117E+01
1.655288861E+01  2.254206085E+01
1.656396448E+01  1.921789169E+01
1.657504035E+01  1.628373909E+01
1.658611622E+01  1.371598530E+01
1.659719209E+01  1.157707024E+01
1.660826797E+01  9.716604233E+00
1.661934384E+01  8.519656181E+00
1.663041971E+01  7.476765633E+00
1.664149558E+01  6.459937096E+00
1.665257145E+01  5.694081306E+00
1.666364732E+01  4.850824356E+00
1.667472319E+01  4.575971603E+00
1.668579906E+01  4.542306423E+00
1.669687493E+01  4.728700638E+00
1.670795080E+01  4.746350288E+00
1.671902667E+01  5.012845993E+00
1.673010254E+01  5.510107994E+00
1.674117841E+01  6.712181568E+00
1.675225428E+01  8.629488945E+00
1.676333015E+01  1.095988846E+01
1.677440602E+01  1.363634586E+01
1.678548190E+01  1.481387138E+01
1.679655777E+01  1.474958611E+01
1.680763364E+01  1.252769756E+01
1.681870951E+01  1.029613304E+01
1.682978538E+01  7.867308140E+00
1.684086125E+01  6.181813240E+00
1.685193712E+01  5.170348644E+00
1.686301299E+01  3.857731581E+00
1.687408886E+01  3.351297617E+00
1.688516473E+01  2.674581766E+00
1.689624060E+01  2.108503342E+00
1.690731647E+01  1.659811616E+00
1.691839234E+01  1.274282455E+00
1.692946821E+01  1.552110672E+00
1.694054408E+01  1.763901353E+00
1.695161995E+01  1.870018601E+00
1.696269582E+01  2.187943697E+00
1.697377170E+01  3.209658623E+00
1.698484757E+01  4.259970188E+00
1.699592344E+01  5.161427975E+00
1.700699931E+01  5.889599323E+00
1.701807518E+01  7.829412937E+00
1.702915105E+01  1.019832039E+01
1.704022692E+01  1.377938747E+01
1.705130279E+01  1.689016533E+01
1.706237866E+01  2.040856934E+01
1.707345453E+01  2.308929253E+01
1.708453040E+01  2.582440948E+01
1.709560627E+01  2.797780991E+01
1.710668214E+01  3.079850960E+01
1.711775801E+01  3.282239151E+01
1.712883388E+01  3.406721878E+01
1.713990975E+01  3.433492661E+01
1.715098562E+01  3.397898102E+01
1.716206150E+01  3.217491150E+01
1.717313737E+01  3.025220299E+01
1.718421324E+01  2.807474709E+01
1.719528911E+01  2.595200539E+01
1.720636498E+01  2.359822083E+01
1.721744085E+01  2.117521095E+01
1.722851672E+01  1.877130699E+01
1.723959259E+01  1.625419998E+01
1.725066846E+01  1.405414581E+01
1.726174433E+01  1.240388870E+01
1.727282020E+01  1.194132614E+01
1.728389607E+01  1.118845081E+01
1.729497194E+01  1.066139507E+01
1.730604781E+01  9.769544601E+00
1.731712368E+01  9.389568329E+00
1.732819955E+01  8.788881302E+00
1.733927543E+01  9.071996689E+00
1.735035130E+01  9.052412987E+00
1.736142717E+01  9.668686867E+00
1.737250304E+01  9.875121117E+00
1.738357891E+01  1.040763569E+01
1.739465478E+01  1.114496994E+01
1.740573065E+01  1.330454540E+01
1.741680652E+01  1.555190277E+01
1.742788239E+01  1.838790703E+01
1.743895826E+01  2.147870445E+01
1.745003413E+01  2.490492630E+01
1.746111000E+01  2.820832634E+01
1.747218587E+01  3.169175911E+01
1.748326174E+01  3.457659531E+01
1.749433761E+01  3.729947662E+01
1.750541348E+01  3.855234146E+01
1.751648935E+01  3.925577164E+01
1.752756523E+01  3.862800980E+01
1.753864110E+01  3.706978607E+01
1.754971697E+01  3.443960190E+01
1.756079284E+01  3.073820686E+01
1.757186871E+01  2.679455185E+01
1.758294458E+01  2.281910133E+01
1.759402045E+01  1.917576408E+01
1.760509632E+01  1.566422844E+01
1.761617219E+01  1.255726814E+01
1.762724806E+01  9.588340759E+00
1.763832393E+01  7.901363373E+00
1.764939980E+01  6.673143864E+00
1.766047567E+01  6.191448689E+00
1.767155154E+01  5.671650887E+00
1.768262741E+01  5.285785198E+00
1.769370328E+01  4.629221916E+00
1.770477915E+01  4.037804127E+00
1.771585503E+01  3.231955290E+00
1.772693090E+01  2.855067730E+00
1.773800677E+01  2.452630043E+00
1.774908264E+01  2.255675077E+00
1.776015851E+01  1.999871016E+00
1.777123438E+01  2.050583363E+00
1.778231025E+01  1.835553169E+00
1.779338612E+01  1.983020663E+00
1.780446199E+01  2.145577431E+00
1.781553786E+01  2.181746483E+00
1.782661373E+01  2.066811085E+00
1.783768960E+01  1.884208083E+00
1.784876547E+01  1.437651038E+00
1.785984134E+01  1.173859358E+00
1.787091721E+01  1.171572924E+00
1.788199308E+01  8.819698691E-01
1.789306896E+01  6.633961797E-01
1.790414483E+01  4.760071933E-01
1.791522070E+01  3.803032041E-01
1.792629657E+01  4.427117109E-02
1.793737244E+01  -1.740953028E-01
1.794844831E+01  -1.085704565E-01
1.795952418E+01  1.831386387E-01
1.797060005E+01  1.222733110E-01
1.798167592E+01  3.153836429E-01
1.799275179E+01  -5.431375280E-02
1.800382766E+01  -3.943527117E-02
1.801490353E+01  -1.791624278E-01
1.802597940E+01  1.397966146E-01
1.803705527E+01  2.463787049E-01
1.804813114E+01  1.931616664E-01
1.805920701E+01  -6.870875508E-02
1.807028288E+01  -1.905562133E-01
1.808135876E+01  -4.175066054E-01
1.809243463E+01  -5.658438802E-01
1.810351050E+01  -5.477901697E-01
1.811458637E+01  -2.800140083E-01
1.812566224E+01  -7.163083553E-02
1.813673811E+01  1.570471078E-01
1.814781398E+01  2.399891317E-01
1.815888985E+01  4.478801489E-01
1.816996572E+01  6.965556741E-01
1.818104159E+01  6.905562282E-01
1.819211746E+01  6.770944595E-01
1.820319333E+01  9.329323769E-01
1.821426920E+01  1.117957711E+00
1.822534507E+01  1.690588713E+00
1.823642094E+01  2.065671921E+00
1.824749681E+01  2.112406731E+00
1.825857268E+01  1.902696609E+00
1.826964856E+01  1.995267034E+00
1.828072443E+01  2.282895327E+00
1.829180030E+01  2.648169756E+00
1.830287617E+01  2.919179916E+00
1.831395204E+01  2.989509106E+00
1.832502791E+01  3.381833076E+00
1.833610378E+01  3.511348248E+00
1.834717965E+01  3.839883089E+00
1.835825552E+01  4.592451096E+00
1.836933139E+01  6.150927067E+00
1.838040726E+01  7.230498791E+00
1.839148313E+01  8.372220039E+00
1.840255900E+01  9.552569389E+00
1.841363487E+01  1.123483658E+01
1.842471074E+01  1.281566143E+01
1.843578661E+01  1.419931030E+01
1.844686249E+01  1.508142471E+01
1.845793836E+01  1.600902367E+01
1.846901423E+01  1.611420441E+01
1.848009010E+01  1.657251358E+01
1.849116597E+01  1.667417717E+01
1.850224184E+01  1.735382843E+01
1.851331771E+01  1.763159561E+01
1.852439358E+01  1.786849022E+01
1.853546945E+01  1.751205826E+01
1.854654532E+01  1.734480095E+01
1.855762119E+01  1.712839508E+01
1.856869706E+01  1.732367134E+01
1.857977293E+01  1.726577759E+01
1.859084880E+01  1.750701714E+01
1.860192467E+01  1.784718132E+01
1.861300054E+01  1.871550751E+01
1.862407641E+01  1.966494751E+01
1.863515229E+01  2.053566933E+01
1.864622816E+01  2.040123367E+01
1.865730403E+01  2.051628494E+01
1.866837990E+01  1.984035492E+01
1.867945577E+01  1.961061287E+01
1.869053164E+01  1.883027840E+01
1.870160751E+01  1.810216904E+01
1.871268338E+01  1.719743347E+01
1.872375925E+01  1.631463814E+01
1.873483512E+01  1.530866337E+01
1.874591099E+01  1.435713100E+01
1.875698686E+01  1.371432209E+01
1.876806273E+01  1.309270191E+01
1.877913860E+01  1.277529144E+01
1.879021447E+01  1.213928509E+01
1.880129034E+01  1.180509949E+01
1.881236621E+01  1.118380070E+01
1.882344209E+01  1.102727318E+01
1.883451796E+01  1.103533745E+01
1.884559383E+01  1.127256203E+01
1.885666970E+01  1.128697586E+01
1.886774557E+01  1.141017628E+01
1.887882144E+01  1.115967846E+01
1.888989731E+01  1.129219723E+01
1.890097318E+01  1.128606796E+01
1.891204905E+01  1.211260986E+01
1.892312492E+01  1.283445930E+01
1.893420079E+01  1.412808228E+01
1.894527666E+01  1.515255928E+01
1.895635253E+01  1.669722176E+01
1.896742840E+01  1.718538284E+01
1.897850427E+01  1.706525993E+01
1.898958014E+01  1.620158386E+01
1.900065602E+01  1.403019333E+01
1.901173189E+01  1.316796875E+01
1.902280776E+01  1.243528461E+01
1.903388363E+01  1.236468124E+01
1.904495950E+01  1.256743813E+01
1.905603537E+01  1.302245903E+01
1.906711124E+01  1.385867500E+01
1.907818711E+01  1.441272640E+01
1.908926298E+01  1.520906353E+01
1.910033885E+01  1.546647739E+01
1.911141472E+01  1.677046204E+01
1.912249059E+01  1.787241173E+01
1.913356646E+01  1.954654503E+01
1.914464233E+01  2.111634445E+01
1.915571820E+01  2.276930809E+01
1.916679407E+01  2.402545166E+01
1.917786994E+01  2.590668488E+01
1.918894582E+01  2.811772156E+01
1.920002169E+01  3.111809540E+01
1.921109756E+01  3.465145111E+01
1.922217343E+01  3.764870071E+01
1.923324930E+01  3.960422134E+01
1.924432517E+01  3.981140137E+01
1.925540104E+01  3.854256821E+01
1.926647691E+01  3.660507584E+01
1.927755278E+01  3.534674835E+01
1.928862865E+01  3.355686569E+01
1.929970452E+01  3.163469315E+01
1.931078039E+01  2.986205101E+01
1.932185626E+01  2.831269264E+01
1.933293213E+01  2.638610458E+01
1.934400800E+01  2.434053421E+01
1.935508387E+01  2.209474182E+01
1.936615974E+01  1.982077980E+01
1.937723562E+01  1.808668900E+01
1.938831149E+01  1.605681610E+01
1.939938736E+01  1.460271645E+01
1.941046323E+01  1.271837521E+01
1.942153910E+01  1.075464344E+01
1.943261497E+01  9.048329353E+00
1.944369084E+01  7.378129482E+00
1.945476671E+01  6.484589100E+00
1.946584258E+01  5.627229691E+00
1.947691845E+01  5.017902374E+00
1.948799432E+01  4.630233288E+00
1.949907019E+01  4.674785614E+00
1.951014606E+01  4.697384834E+00
1.952122193E+01  4.792991161E+00
1.953229780E+01  4.776228428E+00
1.954337367E+01  4.882618427E+00
1.955444955E+01  4.686553478E+00
1.956552542E+01  4.554845333E+00
1.957660129E+01  4.167663574E+00
1.958767716E+01  3.800823212E+00
1.959875303E+01  3.493692636E+00
1.960982890E+01  3.349122286E+00
1.962090477E+01  3.314327240E+00
1.963198064E+01  3.257427692E+00
1.964305651E+01  3.075052738E+00
1.965413238E+01  2.938863516E+00
1.966520825E+01  2.669758558E+00
1.967628412E+01  2.660787106E+00
1.968735999E+01  2.311781645E+00
1.969843586E+01  2.141721725E+00
1.970951173E+01  1.817483783E+00
1.972058760E+01  1.706085086E+00
1.973166347E+01  1.552114010E+00
1.974273935E+01  1.685187578E+00
1.975381522E+01  1.922234416E+00
1.976489109E+01  2.190052032E+00
1.977596696E+01  2.217689753E+00
1.978704283E+01  2.074106216E+00
1.979811870E+01  2.150469065E+00
1.980919457E+01  2.355404854E+00
1.982027044E+01  2.522285938E+00
1.983134631E+01  2.928273678E+00
1.984242218E+01  2.619266510E+00
1.985349805E+01  2.753223896E+00
1.986457392E+01  2.477665901E+00
1.987564979E+01  2.512071133E+00
1.988672566E+01  2.640794992E+00
1.989780153E+01  3.054865360E+00
1.990887740E+01  3.415397406E+00
1.991995327E+01  3.635392666E+00
1.993102915E+01  3.529151440E+00
1.994210502E+01  3.756425142E+00
1.995318089E+01  3.285428286E+00
1.996425676E+01  3.189469576E+00
1.997533263E+01  3.337502003E+00
1.998640850E+01  3.480244637E+00
1.999748437E+01  4.210141659E+00
2.000856024E+01  4.922607422E+00
2.001963611E+01  5.488204002E+00
2.003071198E+01  6.074421406E+00
2.004178785E+01  6.399337769E+00
2.005286372E+01  6.924493790E+00
2.006393959E+01  7.227266312E+00
2.007501546E+01  7.880265713E+00
2.008609133E+01  8.042155266E+00
2.009716720E+01  8.684156418E+00
2.010824308E+01  8.980185509E+00
2.011931895E+01  9.499052048E+00
2.013039482E+01  9.596066475E+00
2.014147069E+01  9.815321922E+00
2.015254656E+01  9.665391922E+00
2.016362243E+01  9.517157555E+00
2.017469830E+01  9.067739487E+00
2.018577417E+01  8.706343651E+00
2.019685004E+01  8.088295937E+00
2.020792591E+01  7.618018627E+00
2.021900178E+01  6.862480640E+00
2.023007765E+01  6.556570530E+00
2.024115352E+01  6.045602798E+00
2.025222939E+01  5.609169960E+00
2.026330526E+01  5.061304092E+00
2.027438113E+01  4.549118042E+00
2.028545700E+01  3.796644449E+00
2.029653288E+01  3.275489092E+00
2.030760875E+01  2.918146372E+00
2.031868462E+01  2.676655531E+00
2.032976049E+01  2.665725708E+00
2.034083636E+01  3.032302856E+00
2.035191223E+01  3.489198208E+00
2.036298810E+01  3.648522377E+00
2.037406397E+01  3.329970598E+00
2.038513984E+01  3.539093018E+00
2.039621571E+01  3.727179527E+00
2.040729158E+01  4.174496651E+00
2.041836745E+01  4.245351791E+00
2.042944332E+01  4.619167805E+00
2.044051919E+01  4.867448330E+00
2.045159506E+01  5.506261826E+00
2.046267093E+01  6.342188835E+00
2.047374680E+01  7.071135521E+00
2.048482268E+01  7.664559364E+00
2.049589855E+01  8.379478455E+00
2.050697442E+01  8.911484718E+00
2.051805029E+01  9.346219063E+00
2.052912616E+01  9.159857750E+00
2.054020203E+01  9.198970795E+00
2.055127790E+01  8.753458023E+00
2.056235377E+01  8.734525681E+00
2.057342964E+01  8.188605309E+00
2.058450551E+01  7.430593491E+00
2.059558138E+01  6.572048187E+00
2.060665725E+01  5.951612473E+00
2.061773312E+01  5.013434410E+00
2.062880899E+01  4.266640186E+00
2.063988486E+01  3.384275198E+00
2.065096073E+01  2.731259823E+00
2.066203661E+01  2.402601004E+00
2.067311248E+01  2.298468590E+00
2.068418835E+01  2.210501671E+00
2.069526422E+01  2.236973047E+00
2.070634009E+01  1.934161186E+00
2.071741596E+01  1.501776934E+00
2.072849183E+01  5.278426409E-01
2.073956770E+01  -4.957381263E-02
2.075064357E+01  -3.168652058E-01
2.076171944E+01  -2.107466161E-01
2.077279531E+01  -1.838377416E-01
2.078387118E+01  -6.902302150E-03
2.079494705E+01  2.003901266E-02
2.080602292E+01  1.087329239E-01
2.081709879E+01  -3.707182407E-02
2.082817466E+01  1.985530406E-01
2.083925053E+01  4.314357936E-01
2.085032641E+01  8.839477897E-01
2.086140228E+01  1.461741090E+00
2.087247815E+01  1.542279482E+00
2.088355402E+01  1.845646381E+00
2.089462989E+01  1.953302860E+00
2.090570576E+01  2.081302166E+00
2.091678163E+01  2.325854540E+00
2.092785750E+01  2.716690302E+00
2.093893337E+01  3.251135111E+00
2.095000924E+01  3.605545998E+00
2.096108511E+01  3.659182072E+00
2.097216098E+01  3.350706339E+00
2.098323685E+01  3.154792547E+00
2.099431272E+01  2.804872513E+00
2.100538859E+01  2.804498911E+00
2.101646446E+01  2.388820410E+00
2.102754033E+01  2.063546419E+00
2.103861621E+01  1.652793050E+00
2.104969208E+01  1.312475562E+00
2.106076795E+01  9.350259900E-01
2.107184382E+01  4.773604274E-01
2.108291969E+01  6.899184082E-03
2.109399556E+01  -1.536735743E-01
2.110507143E+01  -3.624611199E-01
2.111614730E+01  -2.916475832E-01
2.112722317E+01  -4.191926718E-01
2.113829904E+01  -3.387184441E-01
2.114937491E+01  -3.526697159E-01
2.116045078E+01  -9.389890730E-02
2.117152665E+01  -2.693617903E-02
2.118260252E+01  2.991381884E-01
2.119367839E+01  5.455504656E-01
2.120475426E+01  5.878653526E-01
2.121583014E+01  1.740923971E-01
2.122690601E+01  -3.933479190E-01
2.123798188E+01  -5.412281156E-01
2.124905775E+01  -1.775487363E-01
2.126013362E+01  3.370491862E-01
