4.901072741E+00  4.150892794E-01
4.912148611E+00  -2.229890376E-01
4.923224482E+00  -7.973660827E-01
4.934300353E+00  2.437942028E-01
4.945376223E+00  -2.500932217E-01
4.956452094E+00  2.156177521E+00
4.967527964E+00  1.476189137E+00
4.978603835E+00  2.447083473E+00
4.989679706E+00  2.703662395E+00
5.000755576E+00  4.124227047E+00
5.011831447E+00  4.958482742E+00
5.022907317E+00  5.339503765E+00
5.033983188E+00  6.337141514E+00
5.045059059E+00  5.142283916E+00
5.056134929E+00  5.085947990E+00
5.067210800E+00  3.530544996E+00
5.078286670E+00  3.926346540E+00
5.089362541E+00  4.776429176E+00
5.100438412E+00  5.041241646E+00
5.111514282E+00  5.752001762E+00
5.122590153E+00  5.940980911E+00
5.133666023E+00  7.598500252E+00
5.144741894E+00  7.069118977E+00
5.155817765E+00  7.566584587E+00
5.166893635E+00  6.967847824E+00
5.177969506E+00  6.294490814E+00
5.189045376E+00  6.121324062E+00
5.200121247E+00  6.484942913E+00
5.211197118E+00  8.177745819E+00
5.222272988E+00  8.939037323E+00
5.233348859E+00  1.095606518E+01
5.244424729E+00  1.162129498E+01
5.255500600E+00  1.264394283E+01
5.266576471E+00  1.254423618E+01
5.277652341E+00  1.208054256E+01
5.288728212E+00  1.181765938E+01
5.299804082E+00  1.123417091E+01
5.310879953E+00  1.241212654E+01
5.321955824E+00  1.258793259E+01
5.333031694E+00  1.380703545E+01
5.344107565E+00  1.390819550E+01
5.355183435E+00  1.439695549E+01
5.366259306E+00  1.446082211E+01
5.377335177E+00  1.393050671E+01
5.388411047E+00  1.442464638E+01
5.399486918E+00  1.350501060E+01
5.410562788E+00  1.453789616E+01
5.421638659E+00  1.334310246E+01
5.432714530E+00  1.420545864E+01
5.443790400E+00  1.342918968E+01
5.454866271E+00  1.387664795E+01
5.465942141E+00  1.366206264E+01
5.477018012E+00  1.279377747E+01
5.488093883E+00  1.365216064E+01
5.499169753E+00  1.333604908E+01
5.510245624E+00  1.421694469E+01
5.521321494E+00  1.388077354E+01
5.532397365E+00  1.520331478E+01
5.543473236E+00  1.525008488E+01
5.554549106E+00  1.536493301E+01
5.565624977E+00  1.537229252E+01
5.576700847E+00  1.399292278E+01
5.587776718E+00  1.400623894E+01
5.598852589E+00  1.292679310E+01
5.609928459E+00  1.343906975E+01
5.621004330E+00  1.173095131E+01
5.632080200E+00  1.170610237E+01
5.643156071E+00  1.139214993E+01
5.654231942E+00  1.140294743E+01
5.665307812E+00  1.223153019E+01
5.676383683E+00  1.159885788E+01
5.687459553E+00  1.282124043E+01
5.698535424E+00  1.201601791E+01
5.709611295E+00  1.276611519E+01
5.720687165E+00  1.160294819E+01
5.731763036E+00  1.262142277E+01
5.742838906E+00  1.254707432E+01
5.753914777E+00  1.262780571E+01
5.764990648E+00  1.267271233E+01
5.776066518E+00  1.115304565E+01
5.787142389E+00  1.124873734E+01
5.798218259E+00  9.684226036E+00
5.809294130E+00  1.065486240E+01
5.820370001E+00  1.053322506E+01
5.831445871E+00  1.136290359E+01
5.842521742E+00  1.157177258E+01
5.853597612E+00  1.171968460E+01
5.864673483E+00  1.293207264E+01
5.875749354E+00  1.310601807E+01
5.886825224E+00  1.484714699E+01
5.897901095E+00  1.444339466E+01
5.908976965E+00  1.484462357E+01
5.920052836E+00  1.413492203E+01
5.931128707E+00  1.461609840E+01
5.942204577E+00  1.443757057E+01
5.953280448E+00  1.400957108E+01
5.964356318E+00  1.428207493E+01
5.975432189E+00  1.337566090E+01
5.986508060E+00  1.455037689E+01
5.997583930E+00  1.344328499E+01
6.008659801E+00  1.374484634E+01
6.019735671E+00  1.173114109E+01
6.030811542E+00  1.139924049E+01
6.041887413E+00  1.201504612E+01
6.052963283E+00  1.202429485E+01
6.064039154E+00  1.319818020E+01
6.075115024E+00  1.279093838E+01
6.086190895E+00  1.445951557E+01
6.097266766E+00  1.347449875E+01
6.108342636E+00  1.401637459E+01
6.119418507E+00  1.265232468E+01
6.130494377E+00  1.336686230E+01
6.141570248E+00  1.449176025E+01
6.152646119E+00  1.559141350E+01
6.163721989E+00  1.659724426E+01
6.174797860E+00  1.529401970E+01
6.185873730E+00  1.677871323E+01
6.196949601E+00  1.684014511E+01
6.208025472E+00  1.866075706E+01
6.219101342E+00  1.931002617E+01
6.230177213E+00  1.968916512E+01
6.241253083E+00  1.943517303E+01
6.252328954E+00  1.793732643E+01
6.263404825E+00  1.784266281E+01
6.274480695E+00  1.619491386E+01
6.285556566E+00  1.694023132E+01
6.296632436E+00  1.592891502E+01
6.307708307E+00  1.589270210E+01
6.318784178E+00  1.486237812E+01
6.329860048E+00  1.518353081E+01
6.340935919E+00  1.538935661E+01
6.352011789E+00  1.426414204E+01
6.363087660E+00  1.427442455E+01
6.374163531E+00  1.215260983E+01
6.385239401E+00  1.218702412E+01
6.396315272E+00  1.066746807E+01
6.407391142E+00  1.073752308E+01
6.418467013E+00  9.938127518E+00
6.429542884E+00  9.664497375E+00
6.440618754E+00  1.031004429E+01
6.451694625E+00  1.009341049E+01
6.462770495E+00  1.044274139E+01
6.473846366E+00  9.688568115E+00
6.484922237E+00  9.577960014E+00
6.495998107E+00  8.787349701E+00
6.507073978E+00  8.819379807E+00
6.518149848E+00  8.445409775E+00
6.529225719E+00  7.840770721E+00
6.540301590E+00  7.659344196E+00
6.551377460E+00  6.434201241E+00
6.562453331E+00  7.469076157E+00
6.573529201E+00  7.453722954E+00
6.584605072E+00  8.546428680E+00
6.595680943E+00  8.311759949E+00
6.606756813E+00  8.751926422E+00
6.617832684E+00  8.612688065E+00
6.628908554E+00  8.024830818E+00
6.639984425E+00  8.098278046E+00
6.651060296E+00  7.805267334E+00
6.662136166E+00  9.160152435E+00
6.673212037E+00  9.496990204E+00
6.684287907E+00  1.097393036E+01
6.695363778E+00  9.858002663E+00
6.706439649E+00  9.253992081E+00
6.717515519E+00  8.576972961E+00
6.728591390E+00  7.824029446E+00
6.739667260E+00  7.963785172E+00
6.750743131E+00  7.388543606E+00
6.761819002E+00  7.894878387E+00
6.772894872E+00  7.045080662E+00
6.783970743E+00  7.245405674E+00
6.795046613E+00  7.025121212E+00
6.806122484E+00  7.089487076E+00
6.817198355E+00  7.965628147E+00
6.828274225E+00  9.411589622E+00
6.839350096E+00  1.099397564E+01
6.850425966E+00  1.185479546E+01
6.861501837E+00  1.299795914E+01
6.872577708E+00  1.202927399E+01
6.883653578E+00  1.186786747E+01
6.894729449E+00  1.070920372E+01
6.905805319E+00  1.073968506E+01
6.916881190E+00  1.011687374E+01
6.927957061E+00  9.304708481E+00
6.939032931E+00  9.009777069E+00
6.950108802E+00  8.158497810E+00
6.961184672E+00  7.660911560E+00
6.972260543E+00  6.357467651E+00
6.983336414E+00  6.534280777E+00
6.994412284E+00  6.957803726E+00
7.005488155E+00  7.100051403E+00
7.016564025E+00  7.942555904E+00
7.027639896E+00  7.710870743E+00
7.038715767E+00  8.225277901E+00
7.049791637E+00  7.006994724E+00
7.060867508E+00  6.350562572E+00
7.071943378E+00  4.006834984E+00
7.083019249E+00  4.343500137E+00
7.094095120E+00  3.598258257E+00
7.105170990E+00  3.582803965E+00
7.116246861E+00  3.060757160E+00
7.127322731E+00  2.848372221E+00
7.138398602E+00  3.174159765E+00
7.149474473E+00  3.131402016E+00
7.160550343E+00  3.705741644E+00
7.171626214E+00  2.983556747E+00
7.182702084E+00  3.061019182E+00
7.193777955E+00  3.036891937E+00
7.204853826E+00  2.953692436E+00
7.215929696E+00  2.705161810E+00
7.227005567E+00  2.035533190E+00
7.238081437E+00  2.365091801E+00
7.249157308E+00  1.562513232E+00
7.260233179E+00  1.735755444E+00
7.271309049E+00  -2.141085416E-01
7.282384920E+00  -1.773654222E-01
7.293460790E+00  -7.018740773E-01
7.304536661E+00  -4.540046155E-01
7.315612532E+00  -2.473268509E-01
7.326688402E+00  -3.125096858E-01
7.337764273E+00  1.573404312E+00
7.348840143E+00  1.958090901E+00
7.359916014E+00  3.324537277E+00
7.370991885E+00  1.929663062E+00
7.382067755E+00  2.221921206E+00
7.393143626E+00  6.673448086E-01
7.404219496E+00  1.293125153E+00
7.415295367E+00  1.465440512E+00
7.426371238E+00  1.618458986E+00
7.437447108E+00  1.760806084E+00
7.448522979E+00  1.028907418E+00
7.459598849E+00  1.161962986E+00
7.470674720E+00  -5.221025348E-01
7.481750591E+00  -4.924832284E-02
7.492826461E+00  2.349730581E-01
7.503902332E+00  1.543832779E+00
7.514978202E+00  2.239634514E+00
7.526054073E+00  2.414402246E+00
7.537129944E+00  2.250597954E+00
7.548205814E+00  1.397829294E+00
7.559281685E+00  1.381297231E+00
7.570357555E+00  5.550429821E-01
7.581433426E+00  8.709909916E-01
7.592509297E+00  4.971134663E-01
7.603585167E+00  1.318836957E-01
7.614661038E+00  1.074263528E-01
7.625736908E+00  -1.308676302E-01
7.636812779E+00  2.348151803E-01
7.647888650E+00  -2.224757373E-01
7.658964520E+00  1.373764157E+00
7.670040391E+00  8.979535103E-01
7.681116261E+00  2.072890759E+00
7.692192132E+00  2.202299118E+00
7.703268003E+00  2.014334202E+00
7.714343873E+00  2.053675413E+00
7.725419744E+00  1.673471093E+00
7.736495614E+00  1.733704090E+00
7.747571485E+00  2.701392472E-01
7.758647356E+00  8.190316558E-01
7.769723226E+00  -1.358499676E-01
7.780799097E+00  1.109727621E+00
7.791874967E+00  8.576611280E-01
7.802950838E+00  9.544112086E-01
7.814026709E+00  5.840953588E-01
7.825102579E+00  6.951437891E-02
7.836178450E+00  7.567971945E-01
7.847254320E+00  6.849578619E-01
7.858330191E+00  2.551716805E+00
7.869406062E+00  2.754273415E+00
7.880481932E+00  5.033471584E+00
7.891557803E+00  5.508713722E+00
7.902633673E+00  6.684550285E+00
7.913709544E+00  7.314452648E+00
7.924785415E+00  8.618341446E+00
7.935861285E+00  9.173335075E+00
7.946937156E+00  8.893724442E+00
7.958013026E+00  8.847145081E+00
7.969088897E+00  8.404468536E+00
7.980164768E+00  9.821351051E+00
7.991240638E+00  1.084699631E+01
8.002316509E+00  1.257449627E+01
8.013392379E+00  1.366043186E+01
8.024468250E+00  1.464738846E+01
8.035544121E+00  1.699055672E+01
8.046619991E+00  1.930920410E+01
8.057695862E+00  2.382734489E+01
8.068771732E+00  2.660859680E+01
8.079847603E+00  3.134683609E+01
8.090923474E+00  3.320994568E+01
8.101999344E+00  3.606526566E+01
8.113075215E+00  3.797582245E+01
8.124151085E+00  4.096606827E+01
8.135226956E+00  4.471718597E+01
8.146302827E+00  4.745942688E+01
8.157378697E+00  5.036615372E+01
8.168454568E+00  5.052294540E+01
8.179530438E+00  5.281505585E+01
8.190606309E+00  5.186674500E+01
8.201682180E+00  5.188513947E+01
8.212758050E+00  4.845319748E+01
8.223833921E+00  4.577495956E+01
8.234909791E+00  4.233227921E+01
8.245985662E+00  3.950957489E+01
8.257061533E+00  3.839033508E+01
8.268137403E+00  3.586771774E+01
8.279213274E+00  3.551856995E+01
8.290289144E+00  3.270695114E+01
8.301365015E+00  3.226269913E+01
8.312440886E+00  2.946240807E+01
8.323516756E+00  2.841565323E+01
8.334592627E+00  2.570914650E+01
8.345668497E+00  2.349756432E+01
8.356744368E+00  2.058142853E+01
8.367820239E+00  1.803722382E+01
8.378896109E+00  1.754639435E+01
8.389971980E+00  1.653509712E+01
8.401047850E+00  1.732399178E+01
8.412123721E+00  1.654413605E+01
8.423199592E+00  1.755580330E+01
8.434275462E+00  1.832287788E+01
8.445351333E+00  1.847230148E+01
8.456427203E+00  1.792383957E+01
8.467503074E+00  1.628948975E+01
8.478578945E+00  1.518294048E+01
8.489654815E+00  1.242329884E+01
8.500730686E+00  1.068585491E+01
8.511806556E+00  8.461067200E+00
8.522882427E+00  7.620357513E+00
8.533958298E+00  6.083841801E+00
8.545034168E+00  4.406632900E+00
8.556110039E+00  3.887242079E+00
8.567185909E+00  2.903275490E+00
8.578261780E+00  3.231015205E+00
8.589337651E+00  1.536755085E+00
8.600413521E+00  2.350680590E+00
8.611489392E+00  1.261572242E+00
8.622565262E+00  2.531311512E+00
8.633641133E+00  1.631258488E+00
8.644717004E+00  2.465522051E+00
8.655792874E+00  1.771108389E+00
8.666868745E+00  1.518801570E+00
8.677944615E+00  1.604206681E+00
8.689020486E+00  1.031345487E+00
8.700096357E+00  1.641173959E+00
8.711172227E+00  3.513306975E-01
8.722248098E+00  8.889266849E-01
8.733323968E+00  -1.471968442E-01
8.744399839E+00  1.544512659E-01
8.755475710E+00  -5.742715001E-01
8.766551580E+00  -3.771357834E-01
8.777627451E+00  -3.896889091E-02
8.788703321E+00  -2.221280485E-01
8.799779192E+00  8.060836792E-01
8.810855063E+00  3.874076903E-01
8.821930933E+00  1.400730968E+00
8.833006804E+00  5.183124542E-01
8.844082674E+00  1.753757358E+00
8.855158545E+00  1.081890345E+00
8.866234416E+00  2.134678364E+00
8.877310286E+00  1.303525925E+00
8.888386157E+00  -3.036936522E-01
8.899462027E+00  -1.900724888E+00
8.910537898E+00  -2.654766321E+00
8.921613769E+00  -1.285714269E+00
8.932689639E+00  -1.186768770E+00
8.943765510E+00  -3.024863899E-01
8.954841380E+00  -1.114473939E-01
8.965917251E+00  8.106330037E-01
8.976993122E+00  5.518560484E-02
8.988068992E+00  -6.160402894E-01
8.999144863E+00  -5.857978463E-01
9.010220733E+00  -5.124473572E-01
9.021296604E+00  9.672827125E-01
9.032372475E+00  1.875135422E+00
9.043448345E+00  4.164882660E+00
9.054524216E+00  4.686312675E+00
9.065600086E+00  6.261888504E+00
9.076675957E+00  6.779763222E+00
9.087751828E+00  8.530447960E+00
9.098827698E+00  1.040285492E+01
9.109903569E+00  1.269496441E+01
9.120979439E+00  1.550591183E+01
9.132055310E+00  1.767775917E+01
9.143131181E+00  2.151289749E+01
9.154207051E+00  2.432861710E+01
9.165282922E+00  3.029193497E+01
9.176358792E+00  3.529154587E+01
9.187434663E+00  4.265559769E+01
9.198510534E+00  5.003364182E+01
9.209586404E+00  6.034108353E+01
9.220662275E+00  7.094926453E+01
9.231738145E+00  8.272389221E+01
9.242814016E+00  9.426673889E+01
9.253889887E+00  1.032581940E+02
9.264965757E+00  1.136867142E+02
9.276041628E+00  1.194597015E+02
9.287117498E+00  1.256521301E+02
9.298193369E+00  1.282426453E+02
9.309269240E+00  1.305045624E+02
9.320345110E+00  1.314940033E+02
9.331420981E+00  1.304577179E+02
9.342496851E+00  1.288946533E+02
9.353572722E+00  1.224819641E+02
9.364648593E+00  1.159505920E+02
9.375724463E+00  1.049618835E+02
9.386800334E+00  9.445988464E+01
9.397876205E+00  8.303752136E+01
9.408952075E+00  7.395836639E+01
9.420027946E+00  6.774230194E+01
9.431103816E+00  6.362245178E+01
9.442179687E+00  6.237402725E+01
9.453255558E+00  6.286095810E+01
9.464331428E+00  6.738550568E+01
9.475407299E+00  7.248892212E+01
9.486483169E+00  8.006985474E+01
9.497559040E+00  8.948397064E+01
9.508634911E+00  9.962280273E+01
9.519710781E+00  1.117233047E+02
9.530786652E+00  1.226105652E+02
9.541862522E+00  1.320254211E+02
9.552938393E+00  1.389282990E+02
9.564014264E+00  1.448995972E+02
9.575090134E+00  1.489841919E+02
9.586166005E+00  1.552788086E+02
9.597241875E+00  1.609131165E+02
9.608317746E+00  1.676254425E+02
9.619393617E+00  1.732364655E+02
9.630469487E+00  1.791307373E+02
9.641545358E+00  1.850048981E+02
9.652621228E+00  1.910104370E+02
9.663697099E+00  1.959181061E+02
9.674772970E+00  1.997346039E+02
9.685848840E+00  2.053700867E+02
9.696924711E+00  2.101771698E+02
9.708000581E+00  2.171722107E+02
9.719076452E+00  2.248570251E+02
9.730152323E+00  2.333828430E+02
9.741228193E+00  2.414139557E+02
9.752304064E+00  2.489562225E+02
9.763379934E+00  2.563283691E+02
9.774455805E+00  2.620926514E+02
9.785531676E+00  2.681578979E+02
9.796607546E+00  2.714501038E+02
9.807683417E+00  2.760897217E+02
9.818759287E+00  2.781492615E+02
9.829835158E+00  2.814113770E+02
9.840911029E+00  2.815563660E+02
9.851986899E+00  2.811921082E+02
9.863062770E+00  2.795901489E+02
9.874138640E+00  2.781554871E+02
9.885214511E+00  2.775274353E+02
9.896290382E+00  2.757147217E+02
9.907366252E+00  2.722605896E+02
9.918442123E+00  2.669460754E+02
9.929517993E+00  2.594739075E+02
9.940593864E+00  2.518064117E+02
9.951669735E+00  2.434367371E+02
9.962745605E+00  2.343670044E+02
9.973821476E+00  2.237974396E+02
9.984897346E+00  2.116746216E+02
9.995973217E+00  1.984648895E+02
1.000704909E+01  1.862259064E+02
1.001812496E+01  1.727420654E+02
1.002920083E+01  1.604220886E+02
1.004027670E+01  1.451454468E+02
1.005135257E+01  1.321678162E+02
1.006242844E+01  1.188265610E+02
1.007350431E+01  1.062431946E+02
1.008458018E+01  9.395405579E+01
1.009565605E+01  8.136985779E+01
1.010673192E+01  7.157891846E+01
1.011780779E+01  6.148084259E+01
1.012888366E+01  5.478370667E+01
1.013995953E+01  4.634669495E+01
1.015103541E+01  4.061688995E+01
1.016211128E+01  3.300669098E+01
1.017318715E+01  2.817580414E+01
1.018426302E+01  2.292797852E+01
1.019533889E+01  2.065106010E+01
1.020641476E+01  1.842477608E+01
1.021749063E+01  1.818065262E+01
1.022856650E+01  1.804357147E+01
1.023964237E+01  1.810897446E+01
1.025071824E+01  1.834742165E+01
1.026179411E+01  1.842355156E+01
1.027286998E+01  2.051065636E+01
1.028394585E+01  2.147134972E+01
1.029502172E+01  2.589723396E+01
1.030609759E+01  3.019068909E+01
1.031717346E+01  3.831707382E+01
1.032824933E+01  4.708511353E+01
1.033932521E+01  5.778423309E+01
1.035040108E+01  7.066674042E+01
1.036147695E+01  8.165325928E+01
1.037255282E+01  9.428536987E+01
1.038362869E+01  1.041562881E+02
1.039470456E+01  1.133002472E+02
1.040578043E+01  1.200976486E+02
1.041685630E+01  1.253177109E+02
1.042793217E+01  1.264196625E+02
1.043900804E+01  1.227925568E+02
1.045008391E+01  1.169789963E+02
1.046115978E+01  1.098169785E+02
1.047223565E+01  1.017489929E+02
1.048331152E+01  9.473192596E+01
1.049438739E+01  8.758701324E+01
1.050546326E+01  7.892555237E+01
1.051653914E+01  7.280670166E+01
1.052761501E+01  6.636113739E+01
1.053869088E+01  6.229998016E+01
1.054976675E+01  5.741028595E+01
1.056084262E+01  5.355917740E+01
1.057191849E+01  4.904736710E+01
1.058299436E+01  4.652176666E+01
1.059407023E+01  4.379895782E+01
1.060514610E+01  4.286716461E+01
1.061622197E+01  4.019641113E+01
1.062729784E+01  3.883645248E+01
1.063837371E+01  3.592456436E+01
1.064944958E+01  3.373389053E+01
1.066052545E+01  3.088084984E+01
1.067160132E+01  2.854607201E+01
1.068267719E+01  2.640702057E+01
1.069375306E+01  2.424810791E+01
1.070482894E+01  2.210741234E+01
1.071590481E+01  2.049165535E+01
1.072698068E+01  1.791476822E+01
1.073805655E+01  1.667793083E+01
1.074913242E+01  1.458025742E+01
1.076020829E+01  1.278086281E+01
1.077128416E+01  1.079934788E+01
1.078236003E+01  9.485898018E+00
1.079343590E+01  8.625159264E+00
1.080451177E+01  7.633020401E+00
1.081558764E+01  6.982271194E+00
1.082666351E+01  5.307705402E+00
1.083773938E+01  3.720573425E+00
1.084881525E+01  1.358387828E+00
1.085989112E+01  1.649529040E-01
1.087096699E+01  -6.504068375E-01
1.088204286E+01  -1.330254078E+00
1.089311874E+01  -1.297920346E+00
1.090419461E+01  -8.124135733E-01
1.091527048E+01  -1.953467727E-01
1.092634635E+01  -3.844049871E-01
1.093742222E+01  2.520789802E-01
1.094849809E+01  3.405394554E-01
1.095957396E+01  1.849345565E+00
1.097064983E+01  3.145685196E+00
1.098172570E+01  5.524373531E+00
1.099280157E+01  7.174649239E+00
1.100387744E+01  9.252317429E+00
1.101495331E+01  1.180784988E+01
1.102602918E+01  1.451355553E+01
1.103710505E+01  1.805127907E+01
1.104818092E+01  2.060995293E+01
1.105925679E+01  2.351890564E+01
1.107033267E+01  2.582426453E+01
1.108140854E+01  3.034524536E+01
1.109248441E+01  3.497674942E+01
1.110356028E+01  4.049112701E+01
1.111463615E+01  4.631686401E+01
1.112571202E+01  5.220117950E+01
1.113678789E+01  5.858977509E+01
1.114786376E+01  6.480629730E+01
1.115893963E+01  7.204364014E+01
1.117001550E+01  7.904929352E+01
1.118109137E+01  8.895632935E+01
1.119216724E+01  9.908059692E+01
1.120324311E+01  1.121525955E+02
1.121431898E+01  1.253871994E+02
1.122539485E+01  1.425612946E+02
1.123647072E+01  1.601802826E+02
1.124754659E+01  1.829746552E+02
1.125862247E+01  2.072285004E+02
1.126969834E+01  2.362926331E+02
1.128077421E+01  2.686275330E+02
1.129185008E+01  3.060499878E+02
1.130292595E+01  3.494880371E+02
1.131400182E+01  3.973745728E+02
1.132507769E+01  4.513003845E+02
1.133615356E+01  5.039365540E+02
1.134722943E+01  5.586793213E+02
1.135830530E+01  6.093972778E+02
1.136938117E+01  6.594960327E+02
1.138045704E+01  7.027669067E+02
1.139153291E+01  7.423806763E+02
1.140260878E+01  7.697788696E+02
1.141368465E+01  7.861747437E+02
1.142476052E+01  7.882325439E+02
1.143583639E+01  7.780280151E+02
1.144691227E+01  7.567691040E+02
1.145798814E+01  7.292724609E+02
1.146906401E+01  6.957547607E+02
1.148013988E+01  6.565358887E+02
1.149121575E+01  6.132248535E+02
1.150229162E+01  5.658252563E+02
1.151336749E+01  5.165425415E+02
1.152444336E+01  4.655937805E+02
1.153551923E+01  4.140233765E+02
1.154659510E+01  3.654141541E+02
1.155767097E+01  3.188478699E+02
1.156874684E+01  2.770254517E+02
1.157982271E+01  2.394967041E+02
1.159089858E+01  2.084466400E+02
1.160197445E+01  1.801045990E+02
1.161305032E+01  1.578083191E+02
1.162412620E+01  1.381348877E+02
1.163520207E+01  1.230786743E+02
1.164627794E+01  1.092172318E+02
1.165735381E+01  9.764131927E+01
1.166842968E+01  8.672673798E+01
1.167950555E+01  7.607754517E+01
1.169058142E+01  6.719048309E+01
1.170165729E+01  5.919475555E+01
1.171273316E+01  5.319233704E+01
1.172380903E+01  4.709782410E+01
1.173488490E+01  4.388012314E+01
1.174596077E+01  3.988364410E+01
1.175703664E+01  3.718521118E+01
1.176811251E+01  3.366168976E+01
1.177918838E+01  3.116371346E+01
1.179026425E+01  2.871341896E+01
1.180134012E+01  2.660614204E+01
1.181241600E+01  2.550623322E+01
1.182349187E+01  2.423259354E+01
1.183456774E+01  2.385387611E+01
1.184564361E+01  2.210719872E+01
1.185671948E+01  2.193475723E+01
1.186779535E+01  2.122382164E+01
1.187887122E+01  2.235739136E+01
1.188994709E+01  2.290877724E+01
1.190102296E+01  2.358655357E+01
1.191209883E+01  2.394181824E+01
1.192317470E+01  2.492277718E+01
1.193425057E+01  2.713180733E+01
1.194532644E+01  2.904080582E+01
1.195640231E+01  3.177303505E+01
1.196747818E+01  3.365061188E+01
1.197855405E+01  3.662237549E+01
1.198962993E+01  3.893525696E+01
1.200070580E+01  4.300843430E+01
1.201178167E+01  4.521141052E+01
1.202285754E+01  4.883604813E+01
1.203393341E+01  5.321743011E+01
1.204500928E+01  5.839511490E+01
1.205608515E+01  6.430624390E+01
1.206716102E+01  6.846290588E+01
1.207823689E+01  7.285632324E+01
1.208931276E+01  7.562677002E+01
1.210038863E+01  7.974301147E+01
1.211146450E+01  8.083617401E+01
1.212254037E+01  8.227919769E+01
1.213361624E+01  7.979547882E+01
1.214469211E+01  7.805705261E+01
1.215576798E+01  7.443795013E+01
1.216684385E+01  7.001229095E+01
1.217791973E+01  6.511530304E+01
1.218899560E+01  5.855022049E+01
1.220007147E+01  5.350993729E+01
1.221114734E+01  4.641231537E+01
1.222222321E+01  4.196366501E+01
1.223329908E+01  3.695697021E+01
1.224437495E+01  3.374135971E+01
1.225545082E+01  2.989509201E+01
1.226652669E+01  2.781306458E+01
1.227760256E+01  2.469974709E+01
1.228867843E+01  2.365804291E+01
1.229975430E+01  2.268843651E+01
1.231083017E+01  2.300856781E+01
1.232190604E+01  2.385048103E+01
1.233298191E+01  2.403557014E+01
1.234405778E+01  2.498422432E+01
1.235513365E+01  2.560657501E+01
1.236620953E+01  2.701001358E+01
1.237728540E+01  2.663054276E+01
1.238836127E+01  2.720799446E+01
1.239943714E+01  2.613063240E+01
1.241051301E+01  2.704513741E+01
1.242158888E+01  2.693058777E+01
1.243266475E+01  2.784613419E+01
1.244374062E+01  2.842098999E+01
1.245481649E+01  2.979950714E+01
1.246589236E+01  3.168193817E+01
1.247696823E+01  3.311386871E+01
1.248804410E+01  3.422145462E+01
1.249911997E+01  3.468113327E+01
1.251019584E+01  3.496646118E+01
1.252127171E+01  3.364999771E+01
1.253234758E+01  3.321554947E+01
1.254342346E+01  3.069233704E+01
1.255449933E+01  2.967622375E+01
1.256557520E+01  2.766554451E+01
1.257665107E+01  2.657208252E+01
1.258772694E+01  2.519129181E+01
1.259880281E+01  2.498317146E+01
1.260987868E+01  2.379542542E+01
1.262095455E+01  2.163932419E+01
1.263203042E+01  2.133742905E+01
1.264310629E+01  1.966529846E+01
1.265418216E+01  1.893365479E+01
1.266525803E+01  1.649948502E+01
1.267633390E+01  1.595891953E+01
1.268740977E+01  1.358142662E+01
1.269848564E+01  1.198279762E+01
1.270956151E+01  8.868059158E+00
1.272063738E+01  6.328351974E+00
1.273171326E+01  4.847522736E+00
1.274278913E+01  3.188110113E+00
1.275386500E+01  3.217516422E+00
1.276494087E+01  2.344044447E+00
1.277601674E+01  2.334035397E+00
1.278709261E+01  1.167826772E+00
1.279816848E+01  1.920122862E+00
1.280924435E+01  1.126084447E+00
1.282032022E+01  2.574419498E+00
1.283139609E+01  2.792002439E+00
1.284247196E+01  3.887501955E+00
1.285354783E+01  4.586537838E+00
1.286462370E+01  6.378408909E+00
1.287569957E+01  8.930766106E+00
1.288677544E+01  1.088538837E+01
1.289785131E+01  1.308193970E+01
1.290892718E+01  1.376352978E+01
1.292000306E+01  1.573858833E+01
1.293107893E+01  1.571459389E+01
1.294215480E+01  1.705577469E+01
1.295323067E+01  1.715260506E+01
1.296430654E+01  1.878998184E+01
1.297538241E+01  1.845494843E+01
1.298645828E+01  1.932925987E+01
1.299753415E+01  1.915974045E+01
1.300861002E+01  1.998581886E+01
1.301968589E+01  2.041480064E+01
1.303076176E+01  2.133988190E+01
1.304183763E+01  2.216525269E+01
1.305291350E+01  2.270574379E+01
1.306398937E+01  2.491730881E+01
1.307506524E+01  2.636624908E+01
1.308614111E+01  2.957822037E+01
1.309721699E+01  3.081435394E+01
1.310829286E+01  3.414266205E+01
1.311936873E+01  3.604217148E+01
1.313044460E+01  3.904085541E+01
1.314152047E+01  4.096136856E+01
1.315259634E+01  4.478236008E+01
1.316367221E+01  4.899481201E+01
1.317474808E+01  5.422337341E+01
1.318582395E+01  5.931741714E+01
1.319689982E+01  6.470919800E+01
1.320797569E+01  7.062808228E+01
1.321905156E+01  7.658969116E+01
1.323012743E+01  8.499769592E+01
1.324120330E+01  9.261942291E+01
1.325227917E+01  1.024311676E+02
1.326335504E+01  1.106299133E+02
1.327443091E+01  1.202477264E+02
1.328550679E+01  1.283276672E+02
1.329658266E+01  1.359230194E+02
1.330765853E+01  1.421134338E+02
1.331873440E+01  1.476950989E+02
1.332981027E+01  1.525662842E+02
1.334088614E+01  1.543378296E+02
1.335196201E+01  1.556806946E+02
1.336303788E+01  1.528963928E+02
1.337411375E+01  1.506985779E+02
1.338518962E+01  1.446573029E+02
1.339626549E+01  1.403419037E+02
1.340734136E+01  1.335692596E+02
1.341841723E+01  1.297924805E+02
1.342949310E+01  1.259546585E+02
1.344056897E+01  1.249746780E+02
1.345164484E+01  1.246147232E+02
1.346272071E+01  1.283886414E+02
1.347379659E+01  1.325346527E+02
1.348487246E+01  1.360163269E+02
1.349594833E+01  1.413438416E+02
1.350702420E+01  1.418195953E+02
1.351810007E+01  1.419894104E+02
1.352917594E+01  1.386698456E+02
1.354025181E+01  1.358915863E+02
1.355132768E+01  1.268190536E+02
1.356240355E+01  1.229453354E+02
1.357347942E+01  1.149678345E+02
1.358455529E+01  1.101808701E+02
1.359563116E+01  1.045821457E+02
1.360670703E+01  1.007123260E+02
1.361778290E+01  9.752003479E+01
1.362885877E+01  9.369070435E+01
1.363993464E+01  9.076599121E+01
1.365101052E+01  8.689714050E+01
1.366208639E+01  8.500667572E+01
1.367316226E+01  8.137243652E+01
1.368423813E+01  7.907686615E+01
1.369531400E+01  7.430747986E+01
1.370638987E+01  7.167772675E+01
1.371746574E+01  6.639126587E+01
1.372854161E+01  6.300283432E+01
1.373961748E+01  5.732913208E+01
1.375069335E+01  5.366942215E+01
1.376176922E+01  5.080465698E+01
1.377284509E+01  4.855571747E+01
1.378392096E+01  4.622579575E+01
1.379499683E+01  4.335746384E+01
1.380607270E+01  4.098757172E+01
1.381714857E+01  3.779616928E+01
1.382822444E+01  3.689324570E+01
1.383930032E+01  3.519922256E+01
1.385037619E+01  3.532191467E+01
1.386145206E+01  3.306409073E+01
1.387252793E+01  3.239027023E+01
1.388360380E+01  3.000155640E+01
1.389467967E+01  2.832550621E+01
1.390575554E+01  2.657252121E+01
1.391683141E+01  2.568042946E+01
1.392790728E+01  2.546670723E+01
1.393898315E+01  2.508465576E+01
1.395005902E+01  2.496956825E+01
1.396113489E+01  2.398411369E+01
1.397221076E+01  2.374609375E+01
1.398328663E+01  2.190823555E+01
1.399436250E+01  2.211447525E+01
1.400543837E+01  2.053195572E+01
1.401651424E+01  2.130121231E+01
1.402759012E+01  1.999649811E+01
1.403866599E+01  2.120147133E+01
1.404974186E+01  2.156424713E+01
1.406081773E+01  2.300344849E+01
1.407189360E+01  2.247737312E+01
1.408296947E+01  2.291758537E+01
1.409404534E+01  2.353714371E+01
1.410512121E+01  2.366372871E+01
1.411619708E+01  2.358143806E+01
1.412727295E+01  2.326674843E+01
1.413834882E+01  2.380562973E+01
1.414942469E+01  2.340342903E+01
1.416050056E+01  2.372373772E+01
1.417157643E+01  2.274044418E+01
1.418265230E+01  2.421136093E+01
1.419372817E+01  2.398852730E+01
1.420480405E+01  2.557790375E+01
1.421587992E+01  2.633638763E+01
1.422695579E+01  2.779896355E+01
1.423803166E+01  2.909313393E+01
1.424910753E+01  3.054034805E+01
1.426018340E+01  3.078895187E+01
1.427125927E+01  3.099239159E+01
1.428233514E+01  3.167848969E+01
1.429341101E+01  3.171281433E+01
1.430448688E+01  3.256784821E+01
1.431556275E+01  3.165148163E+01
1.432663862E+01  3.234923553E+01
1.433771449E+01  3.146616936E+01
1.434879036E+01  3.359247589E+01
1.435986623E+01  3.377254486E+01
1.437094210E+01  3.613058090E+01
1.438201797E+01  3.714171219E+01
1.439309385E+01  3.993973160E+01
1.440416972E+01  4.148947144E+01
1.441524559E+01  4.421263885E+01
1.442632146E+01  4.636282349E+01
1.443739733E+01  4.862792587E+01
1.444847320E+01  5.102613831E+01
1.445954907E+01  5.304925919E+01
1.447062494E+01  5.586862946E+01
1.448170081E+01  5.779656601E+01
1.449277668E+01  6.152816010E+01
1.450385255E+01  6.400128937E+01
1.451492842E+01  6.862938690E+01
1.452600429E+01  7.094903564E+01
1.453708016E+01  7.563926697E+01
1.454815603E+01  7.929998016E+01
1.455923190E+01  8.509427643E+01
1.457030777E+01  8.984029388E+01
1.458138365E+01  9.479705048E+01
1.459245952E+01  9.785674286E+01
1.460353539E+01  9.906462097E+01
1.461461126E+01  9.890831757E+01
1.462568713E+01  9.612934875E+01
1.463676300E+01  9.254661560E+01
1.464783887E+01  8.694190216E+01
1.465891474E+01  8.243489075E+01
1.466999061E+01  7.615011597E+01
1.468106648E+01  7.121995544E+01
1.469214235E+01  6.463930511E+01
1.470321822E+01  6.000183105E+01
1.471429409E+01  5.393647766E+01
1.472536996E+01  4.956378174E+01
1.473644583E+01  4.449706268E+01
1.474752170E+01  4.079558945E+01
1.475859758E+01  3.674105072E+01
1.476967345E+01  3.303554535E+01
1.478074932E+01  2.979111671E+01
1.479182519E+01  2.640337753E+01
1.480290106E+01  2.379299355E+01
1.481397693E+01  2.075185776E+01
1.482505280E+01  1.854368973E+01
1.483612867E+01  1.441026211E+01
1.484720454E+01  1.273948383E+01
1.485828041E+01  9.701766014E+00
1.486935628E+01  9.685805321E+00
1.488043215E+01  7.582161427E+00
1.489150802E+01  7.307667732E+00
1.490258389E+01  4.809463024E+00
1.491365976E+01  3.820852280E+00
1.492473563E+01  1.418558240E+00
1.493581150E+01  -6.639229655E-01
1.494688738E+01  -2.612981319E+00
1.495796325E+01  -3.816019058E+00
1.496903912E+01  -3.802125216E+00
1.498011499E+01  -4.265999317E+00
1.499119086E+01  -3.462117434E+00
1.500226673E+01  -3.582781076E+00
1.501334260E+01  -3.184389830E+00
1.502441847E+01  -3.620177031E+00
1.503549434E+01  -1.547048092E+00
1.504657021E+01  -7.196469903E-01
1.505764608E+01  3.083252192E+00
1.506872195E+01  7.325956345E+00
1.507979782E+01  2.465005684E+01
1.509087369E+01  6.965409088E+01
1.510194956E+01  1.311638184E+02
1.511302543E+01  1.847935944E+02
1.512410130E+01  2.151690369E+02
1.513517718E+01  2.395410614E+02
1.514625305E+01  2.714933777E+02
1.515732892E+01  3.045633240E+02
1.516840479E+01  3.473207397E+02
1.517948066E+01  3.878731689E+02
1.519055653E+01  4.334376526E+02
1.520163240E+01  4.559042664E+02
1.521270827E+01  4.471922913E+02
1.522378414E+01  4.006893616E+02
1.523486001E+01  3.235790100E+02
1.524593588E+01  2.423954010E+02
1.525701175E+01  1.779905243E+02
1.526808762E+01  1.339986725E+02
1.527916349E+01  1.087667770E+02
1.529023936E+01  8.620428467E+01
1.530131523E+01  6.391180038E+01
1.531239111E+01  3.722702026E+01
1.532346698E+01  2.018001747E+01
1.533454285E+01  1.771822548E+01
1.534561872E+01  1.979128075E+01
1.535669459E+01  2.212127495E+01
1.536777046E+01  2.441919708E+01
1.537884633E+01  2.568544960E+01
1.538992220E+01  2.797512436E+01
1.540099807E+01  2.756851768E+01
1.541207394E+01  2.782587624E+01
1.542314981E+01  2.497083282E+01
1.543422568E+01  2.341572952E+01
1.544530155E+01  2.057948112E+01
1.545637742E+01  1.999060249E+01
1.546745329E+01  1.780161476E+01
1.547852916E+01  1.644748878E+01
1.548960503E+01  1.342908478E+01
1.550068091E+01  1.173186207E+01
1.551175678E+01  9.790227890E+00
1.552283265E+01  8.648059845E+00
1.553390852E+01  7.320761681E+00
1.554498439E+01  6.970562458E+00
1.555606026E+01  7.952285767E+00
1.556713613E+01  8.778927803E+00
1.557821200E+01  1.111359882E+01
1.558928787E+01  1.254662418E+01
1.560036374E+01  1.560103512E+01
1.561143961E+01  1.681459999E+01
1.562251548E+01  1.971138191E+01
1.563359135E+01  2.082407761E+01
1.564466722E+01  2.488920975E+01
1.565574309E+01  2.691413879E+01
1.566681896E+01  3.097614098E+01
1.567789483E+01  3.323131943E+01
1.568897071E+01  3.692594528E+01
1.570004658E+01  3.918835068E+01
1.571112245E+01  4.191733932E+01
1.572219832E+01  4.402462769E+01
1.573327419E+01  4.683827591E+01
1.574435006E+01  5.056901550E+01
1.575542593E+01  5.474652100E+01
1.576650180E+01  6.067655563E+01
1.577757767E+01  6.597468567E+01
1.578865354E+01  7.440610504E+01
1.579972941E+01  8.068959045E+01
1.581080528E+01  8.904831696E+01
1.582188115E+01  9.517611694E+01
1.583295702E+01  1.032521820E+02
1.584403289E+01  1.093606949E+02
1.585510876E+01  1.183067932E+02
1.586618464E+01  1.250054398E+02
1.587726051E+01  1.329360657E+02
1.588833638E+01  1.376154480E+02
1.589941225E+01  1.440984192E+02
1.591048812E+01  1.489957275E+02
1.592156399E+01  1.546214752E+02
1.593263986E+01  1.593469238E+02
1.594371573E+01  1.647808533E+02
1.595479160E+01  1.699175568E+02
1.596586747E+01  1.748936615E+02
1.597694334E+01  1.805232849E+02
1.598801921E+01  1.851952515E+02
1.599909508E+01  1.908946075E+02
1.601017095E+01  1.946073761E+02
1.602124682E+01  1.991403656E+02
1.603232269E+01  2.011610413E+02
1.604339856E+01  2.052879944E+02
1.605447444E+01  2.068134766E+02
1.606555031E+01  2.100453186E+02
1.607662618E+01  2.105243225E+02
1.608770205E+01  2.133672028E+02
1.609877792E+01  2.140244598E+02
1.610985379E+01  2.154805450E+02
1.612092966E+01  2.150572815E+02
1.613200553E+01  2.153854065E+02
1.614308140E+01  2.135849304E+02
1.615415727E+01  2.124111023E+02
1.616523314E+01  2.100935669E+02
1.617630901E+01  2.078141479E+02
1.618738488E+01  2.053076630E+02
1.619846075E+01  2.017506104E+02
1.620953662E+01  1.967503967E+02
1.622061249E+01  1.900655518E+02
1.623168836E+01  1.835154724E+02
1.624276424E+01  1.752940216E+02
1.625384011E+01  1.680028381E+02
1.626491598E+01  1.589999084E+02
1.627599185E+01  1.519242249E+02
1.628706772E+01  1.433176422E+02
1.629814359E+01  1.367781677E+02
1.630921946E+01  1.287329559E+02
1.632029533E+01  1.233259277E+02
1.633137120E+01  1.171844177E+02
1.634244707E+01  1.132141190E+02
1.635352294E+01  1.079549713E+02
1.636459881E+01  1.035787735E+02
1.637567468E+01  9.808424377E+01
1.638675055E+01  9.342564392E+01
1.639782642E+01  8.822132111E+01
1.640890229E+01  8.192994690E+01
1.641997817E+01  7.610710907E+01
1.643105404E+01  7.007598114E+01
1.644212991E+01  6.541143799E+01
1.645320578E+01  6.079259872E+01
1.646428165E+01  5.737049484E+01
1.647535752E+01  5.279785919E+01
1.648643339E+01  4.960218048E+01
1.649750926E+01  4.630799866E+01
1.650858513E+01  4.427919769E+01
1.651966100E+01  4.155739212E+01
1.653073687E+01  3.975229263E+01
1.654181274E+01  3.669112778E+01
1.655288861E+01  3.492302704E+01
1.656396448E+01  3.214921951E+01
1.657504035E+01  3.021933746E+01
1.658611622E+01  2.625766945E+01
1.659719209E+01  2.333794403E+01
1.660826797E+01  2.022552299E+01
1.661934384E+01  1.803951073E+01
1.663041971E+01  1.554938126E+01
1.664149558E+01  1.337738037E+01
1.665257145E+01  1.170578861E+01
1.666364732E+01  9.350417137E+00
1.667472319E+01  7.775372982E+00
1.668579906E+01  6.947922230E+00
1.669687493E+01  6.356552601E+00
1.670795080E+01  4.472647190E+00
1.671902667E+01  2.999017715E+00
1.673010254E+01  1.005161285E+00
1.674117841E+01  1.085339338E-01
1.675225428E+01  -7.577470541E-01
1.676333015E+01  1.341009289E-01
1.677440602E+01  -1.122177020E-02
1.678548190E+01  1.257923245E+00
1.679655777E+01  1.269386411E+00
1.680763364E+01  1.895688057E+00
1.681870951E+01  2.018619299E+00
1.682978538E+01  3.273384571E+00
1.684086125E+01  2.879290342E+00
1.685193712E+01  2.863624811E+00
1.686301299E+01  2.310681105E+00
1.687408886E+01  2.259953499E+00
1.688516473E+01  1.502280474E+00
1.689624060E+01  1.611340642E+00
1.690731647E+01  1.262379646E+00
1.691839234E+01  1.135531664E+00
1.692946821E+01  1.530078769E+00
1.694054408E+01  1.779369354E+00
1.695161995E+01  3.147181034E+00
1.696269582E+01  4.300501347E+00
1.697377170E+01  5.571734428E+00
1.698484757E+01  6.199304581E+00
1.699592344E+01  6.883563519E+00
1.700699931E+01  6.666309357E+00
1.701807518E+01  7.479248524E+00
1.702915105E+01  7.907913685E+00
1.704022692E+01  9.142835617E+00
1.705130279E+01  9.221975327E+00
1.706237866E+01  1.141463470E+01
1.707345453E+01  1.215029335E+01
1.708453040E+01  1.396599388E+01
1.709560627E+01  1.355724430E+01
1.710668214E+01  1.388788509E+01
1.711775801E+01  1.274440765E+01
1.712883388E+01  1.241759586E+01
1.713990975E+01  1.143030834E+01
1.715098562E+01  1.101489735E+01
1.716206150E+01  1.038542271E+01
1.717313737E+01  9.969828606E+00
1.718421324E+01  9.265659332E+00
1.719528911E+01  7.985683918E+00
1.720636498E+01  7.189979553E+00
1.721744085E+01  6.016274929E+00
1.722851672E+01  4.667253971E+00
1.723959259E+01  3.210483313E+00
1.725066846E+01  2.802529573E+00
1.726174433E+01  2.221309185E+00
1.727282020E+01  2.477047682E+00
1.728389607E+01  1.270530462E+00
1.729497194E+01  7.546988130E-01
1.730604781E+01  -6.953328848E-01
1.731712368E+01  -4.532254040E-01
1.732819955E+01  -7.384621501E-01
1.733927543E+01  7.204412818E-01
1.735035130E+01  1.105491281E+00
1.736142717E+01  1.920469761E+00
1.737250304E+01  2.223109722E+00
1.738357891E+01  3.700046301E+00
1.739465478E+01  3.849918842E+00
1.740573065E+01  5.213473797E+00
1.741680652E+01  6.625759602E+00
1.742788239E+01  9.350402832E+00
1.743895826E+01  1.017702007E+01
1.745003413E+01  1.129071999E+01
1.746111000E+01  1.174488640E+01
1.747218587E+01  1.265025806E+01
1.748326174E+01  1.350867271E+01
1.749433761E+01  1.491350174E+01
1.750541348E+01  1.557455540E+01
1.751648935E+01  1.505635929E+01
1.752756523E+01  1.394124317E+01
1.753864110E+01  1.299974918E+01
1.754971697E+01  1.195332813E+01
1.756079284E+01  1.061325169E+01
1.757186871E+01  9.887940407E+00
1.758294458E+01  8.986330986E+00
1.759402045E+01  9.152251244E+00
1.760509632E+01  7.997183800E+00
1.761617219E+01  7.744897366E+00
1.762724806E+01  6.420654297E+00
1.763832393E+01  6.944716454E+00
1.764939980E+01  6.453880310E+00
1.766047567E+01  7.407679081E+00
1.767155154E+01  7.024662018E+00
1.768262741E+01  7.374925137E+00
1.769370328E+01  7.554428577E+00
1.770477915E+01  8.703551292E+00
1.771585503E+01  9.627213478E+00
1.772693090E+01  1.103266525E+01
1.773800677E+01  1.138422775E+01
1.774908264E+01  1.225046253E+01
1.776015851E+01  1.247897625E+01
1.777123438E+01  1.304847431E+01
1.778231025E+01  1.255875206E+01
1.779338612E+01  1.253147793E+01
1.780446199E+01  1.242215633E+01
1.781553786E+01  1.286598206E+01
1.782661373E+01  1.237656879E+01
1.783768960E+01  1.212915611E+01
1.784876547E+01  1.154654884E+01
1.785984134E+01  1.088505268E+01
1.787091721E+01  9.566023827E+00
1.788199308E+01  7.996667385E+00
1.789306896E+01  7.102021694E+00
1.790414483E+01  6.039072037E+00
1.791522070E+01  5.489475250E+00
1.792629657E+01  4.119035721E+00
1.793737244E+01  3.466864109E+00
1.794844831E+01  1.708074331E+00
1.795952418E+01  1.924049020E+00
1.797060005E+01  1.722068548E+00
1.798167592E+01  2.243368149E+00
1.799275179E+01  1.341605544E+00
1.800382766E+01  1.386083961E+00
1.801490353E+01  -6.466355920E-02
1.802597940E+01  1.260421127E-01
1.803705527E+01  -6.514368057E-01
1.804813114E+01  -1.583282053E-01
1.805920701E+01  -3.667767644E-01
1.807028288E+01  8.605455607E-02
1.808135876E+01  -3.829540685E-02
1.809243463E+01  5.664097071E-01
1.810351050E+01  3.455855250E-01
1.811458637E+01  3.308477998E-01
1.812566224E+01  -4.666779041E-01
1.813673811E+01  -5.981051326E-01
1.814781398E+01  -5.910941362E-01
1.815888985E+01  1.604986340E-01
1.816996572E+01  4.432451725E-02
1.818104159E+01  5.686527491E-01
1.819211746E+01  5.034825802E-01
1.820319333E+01  2.360834181E-02
1.821426920E+01  -3.140868247E-01
1.822534507E+01  -4.033960104E-01
1.823642094E+01  -4.244833589E-01
1.824749681E+01  2.515738606E-01
1.825857268E+01  4.180082679E-01
1.826964856E+01  -1.685665995E-01
1.828072443E+01  -4.578351974E-01
1.829180030E+01  -2.634962499E-01
1.830287617E+01  -5.525606871E-02
1.831395204E+01  1.108309031E+00
1.832502791E+01  2.401284456E+00
1.833610378E+01  3.791940689E+00
1.834717965E+01  5.406988621E+00
1.835825552E+01  5.734949112E+00
1.836933139E+01  5.903495312E+00
1.838040726E+01  4.606942654E+00
1.839148313E+01  6.090867043E+00
1.840255900E+01  6.651127338E+00
1.841363487E+01  8.972977638E+00
1.842471074E+01  9.270957947E+00
1.843578661E+01  1.044953823E+01
1.844686249E+01  1.002231216E+01
1.845793836E+01  1.069157982E+01
1.846901423E+01  1.082345104E+01
1.848009010E+01  1.262557888E+01
1.849116597E+01  1.320672703E+01
1.850224184E+01  1.538317108E+01
1.851331771E+01  1.656175232E+01
1.852439358E+01  1.791761780E+01
1.853546945E+01  1.869206429E+01
1.854654532E+01  2.005655861E+01
1.855762119E+01  2.158270836E+01
1.856869706E+01  2.337898064E+01
1.857977293E+01  2.502697945E+01
1.859084880E+01  2.623550797E+01
1.860192467E+01  2.795994377E+01
1.861300054E+01  3.064541054E+01
1.862407641E+01  3.255807114E+01
1.863515229E+01  3.439891052E+01
1.864622816E+01  3.593629074E+01
1.865730403E+01  3.718833160E+01
1.866837990E+01  3.924103165E+01
1.867945577E+01  4.137252045E+01
1.869053164E+01  4.408384323E+01
1.870160751E+01  4.641632843E+01
1.871268338E+01  4.914397049E+01
1.872375925E+01  5.112475967E+01
1.873483512E+01  5.330043030E+01
1.874591099E+01  5.499382019E+01
1.875698686E+01  5.656563187E+01
1.876806273E+01  5.807650375E+01
1.877913860E+01  5.978020859E+01
1.879021447E+01  6.130259705E+01
1.880129034E+01  6.372557449E+01
1.881236621E+01  6.568622589E+01
1.882344209E+01  6.744103241E+01
1.883451796E+01  6.827797699E+01
1.884559383E+01  6.936711121E+01
1.885666970E+01  7.051448822E+01
1.886774557E+01  7.198294830E+01
1.887882144E+01  7.328020477E+01
1.888989731E+01  7.459171295E+01
1.890097318E+01  7.517053986E+01
1.891204905E+01  7.689965820E+01
1.892312492E+01  7.684388733E+01
1.893420079E+01  7.738326263E+01
1.894527666E+01  7.689534760E+01
1.895635253E+01  7.619400024E+01
1.896742840E+01  7.410843658E+01
1.897850427E+01  7.295394897E+01
1.898958014E+01  7.166619110E+01
1.900065602E+01  7.060927582E+01
1.901173189E+01  6.873151398E+01
1.902280776E+01  6.819190979E+01
1.903388363E+01  6.607084656E+01
1.904495950E+01  6.403974915E+01
1.905603537E+01  6.144044113E+01
1.906711124E+01  5.974046326E+01
1.907818711E+01  5.855968475E+01
1.908926298E+01  5.812318802E+01
1.910033885E+01  5.704690552E+01
1.911141472E+01  5.671701813E+01
1.912249059E+01  5.563224792E+01
1.913356646E+01  5.465555191E+01
1.914464233E+01  5.370700455E+01
1.915571820E+01  5.367347336E+01
1.916679407E+01  5.384487152E+01
1.917786994E+01  5.397547913E+01
1.918894582E+01  5.395895004E+01
1.920002169E+01  5.391722107E+01
1.921109756E+01  5.350761414E+01
1.922217343E+01  5.280003357E+01
1.923324930E+01  5.111513138E+01
1.924432517E+01  4.941539383E+01
1.925540104E+01  4.719699860E+01
1.926647691E+01  4.584992599E+01
1.927755278E+01  4.378906250E+01
1.928862865E+01  4.240586090E+01
1.929970452E+01  3.946678925E+01
1.931078039E+01  3.706912994E+01
1.932185626E+01  3.486388397E+01
1.933293213E+01  3.363243866E+01
1.934400800E+01  3.118672371E+01
1.935508387E+01  2.974516296E+01
1.936615974E+01  2.784725189E+01
1.937723562E+01  2.615750122E+01
1.938831149E+01  2.453648758E+01
1.939938736E+01  2.359016609E+01
1.941046323E+01  2.256001091E+01
1.942153910E+01  2.183620071E+01
1.943261497E+01  2.042831421E+01
1.944369084E+01  1.930518150E+01
1.945476671E+01  1.910191154E+01
1.946584258E+01  1.900612259E+01
1.947691845E+01  1.960681725E+01
1.948799432E+01  1.925570869E+01
1.949907019E+01  1.886922073E+01
1.951014606E+01  1.860231781E+01
1.952122193E+01  1.918761063E+01
1.953229780E+01  1.954057503E+01
1.954337367E+01  2.008866310E+01
1.955444955E+01  1.959794807E+01
1.956552542E+01  1.990261841E+01
1.957660129E+01  1.957953644E+01
1.958767716E+01  1.986376381E+01
1.959875303E+01  1.939245224E+01
1.960982890E+01  2.009082794E+01
1.962090477E+01  2.022467613E+01
1.963198064E+01  2.111714172E+01
1.964305651E+01  2.100004005E+01
1.965413238E+01  2.145770264E+01
1.966520825E+01  2.107370186E+01
1.967628412E+01  2.125849152E+01
1.968735999E+01  2.070496368E+01
1.969843586E+01  2.101736069E+01
1.970951173E+01  2.096053505E+01
1.972058760E+01  2.224925995E+01
1.973166347E+01  2.254993629E+01
1.974273935E+01  2.333899307E+01
1.975381522E+01  2.313188553E+01
1.976489109E+01  2.369013786E+01
1.977596696E+01  2.281405830E+01
1.978704283E+01  2.320456696E+01
1.979811870E+01  2.253130722E+01
1.980919457E+01  2.328762817E+01
1.982027044E+01  2.321491432E+01
1.983134631E+01  2.426839447E+01
1.984242218E+01  2.398141479E+01
1.985349805E+01  2.442930794E+01
1.986457392E+01  2.499282074E+01
1.987564979E+01  2.646261787E+01
1.988672566E+01  2.684811783E+01
1.989780153E+01  2.759527588E+01
1.990887740E+01  2.749357414E+01
1.991995327E+01  2.760667610E+01
1.993102915E+01  2.741063690E+01
1.994210502E+01  2.834662247E+01
1.995318089E+01  2.864636040E+01
1.996425676E+01  2.923351669E+01
1.997533263E+01  2.926934433E+01
1.998640850E+01  2.993442535E+01
1.999748437E+01  2.979513168E+01
2.000856024E+01  3.045792389E+01
2.001963611E+01  3.061353683E+01
2.003071198E+01  3.136901093E+01
2.004178785E+01  3.089222717E+01
2.005286372E+01  3.112283516E+01
2.006393959E+01  3.075907707E+01
2.007501546E+01  3.195552826E+01
2.008609133E+01  3.211606216E+01
2.009716720E+01  3.206060028E+01
2.010824308E+01  3.084029007E+01
2.011931895E+01  2.973724365E+01
2.013039482E+01  2.810219193E+01
2.014147069E+01  2.722262764E+01
2.015254656E+01  2.623614120E+01
2.016362243E+01  2.588649940E+01
2.017469830E+01  2.443991280E+01
2.018577417E+01  2.375312996E+01
2.019685004E+01  2.247583008E+01
2.020792591E+01  2.157136345E+01
2.021900178E+01  2.030673599E+01
2.023007765E+01  2.003702354E+01
2.024115352E+01  1.917070389E+01
2.025222939E+01  1.905416679E+01
2.026330526E+01  1.773221779E+01
2.027438113E+01  1.729303932E+01
2.028545700E+01  1.635940170E+01
2.029653288E+01  1.577104473E+01
2.030760875E+01  1.454805279E+01
2.031868462E+01  1.340721989E+01
2.032976049E+01  1.169955540E+01
2.034083636E+01  1.152210999E+01
2.035191223E+01  1.039156628E+01
2.036298810E+01  1.008214569E+01
2.037406397E+01  8.663460732E+00
2.038513984E+01  8.062783241E+00
2.039621571E+01  6.823852062E+00
2.040729158E+01  6.280713558E+00
2.041836745E+01  6.123657227E+00
2.042944332E+01  6.506897926E+00
2.044051919E+01  6.146247387E+00
2.045159506E+01  5.690220833E+00
2.046267093E+01  5.042074203E+00
2.047374680E+01  5.229932308E+00
2.048482268E+01  5.496151447E+00
2.049589855E+01  5.538539886E+00
2.050697442E+01  5.238875389E+00
2.051805029E+01  5.037661076E+00
2.052912616E+01  4.858195305E+00
2.054020203E+01  4.395623684E+00
2.055127790E+01  3.252916574E+00
2.056235377E+01  2.639825583E+00
2.057342964E+01  1.807922006E+00
2.058450551E+01  1.435826540E+00
2.059558138E+01  6.621396542E-01
2.060665725E+01  3.639746308E-01
2.061773312E+01  -3.601664901E-01
2.062880899E+01  -1.079095900E-01
2.063988486E+01  1.616713107E-01
2.065096073E+01  7.244523764E-01
2.066203661E+01  9.801403880E-01
2.067311248E+01  8.450616002E-01
2.068418835E+01  5.878261924E-01
2.069526422E+01  5.858960152E-01
2.070634009E+01  9.154120088E-01
2.071741596E+01  6.246228814E-01
2.072849183E+01  -3.540023044E-02
2.073956770E+01  3.565336466E-01
2.075064357E+01  4.847773015E-01
2.076171944E+01  5.710525513E-01
2.077279531E+01  3.715705872E-01
2.078387118E+01  9.384361655E-02
2.079494705E+01  -2.602219880E-01
2.080602292E+01  2.739227563E-02
2.081709879E+01  -1.620647907E-01
2.082817466E+01  -2.028080402E-03
2.083925053E+01  8.320230246E-02
2.085032641E+01  7.996720076E-01
2.086140228E+01  6.642952561E-01
2.087247815E+01  1.425113797E+00
2.088355402E+01  1.485446692E+00
2.089462989E+01  1.794082642E+00
2.090570576E+01  1.368501663E+00
2.091678163E+01  1.107124567E+00
2.092785750E+01  1.288779974E+00
2.093893337E+01  1.825055122E+00
2.095000924E+01  2.044095755E+00
2.096108511E+01  1.630361438E+00
2.097216098E+01  7.747830153E-01
2.098323685E+01  7.250248194E-01
2.099431272E+01  5.835133791E-01
2.100538859E+01  9.782483578E-01
2.101646446E+01  6.430320144E-01
2.102754033E+01  9.496223330E-01
2.103861621E+01  4.138100445E-01
2.104969208E+01  4.181289077E-01
2.106076795E+01  -1.190269515E-01
2.107184382E+01  1.919860840E-01
2.108291969E+01  3.900615126E-02
2.109399556E+01  5.694744587E-01
2.110507143E+01  4.278378487E-01
2.111614730E+01  1.081307888E+00
2.112722317E+01  4.366443753E-01
2.113829904E+01  1.170426235E-01
2.114937491E+01  -8.400093317E-01
2.116045078E+01  -6.792926788E-01
2.117152665E+01  -7.232574821E-01
2.118260252E+01  -9.558560699E-02
2.119367839E+01  -2.275106683E-02
2.120475426E+01  2.466820031E-01
2.121583014E+01  2.535804734E-02
2.122690601E+01  2.987049222E-01
2.123798188E+01  1.428716630E-01
2.124905775E+01  2.350078970E-01
2.126013362E+01  -3.299916089E-01
