4.901072741E+00  1.878422797E-01
4.912148611E+00  -4.257111251E-01
4.923224482E+00  -2.198573053E-01
4.934300353E+00  1.760533333E+00
4.945376223E+00  1.285784006E+00
4.956452094E+00  2.568711996E+00
4.967527964E+00  1.527523994E+00
4.978603835E+00  2.292840481E+00
4.989679706E+00  1.982868671E+00
5.000755576E+00  2.214282513E+00
5.011831447E+00  2.916354179E+00
5.022907317E+00  2.335219383E+00
5.033983188E+00  3.236465454E+00
5.045059059E+00  2.743873835E+00
5.056134929E+00  4.682633877E+00
5.067210800E+00  4.287456036E+00
5.078286670E+00  4.752754688E+00
5.089362541E+00  4.949517727E+00
5.100438412E+00  5.492013454E+00
5.111514282E+00  5.730347633E+00
5.122590153E+00  4.755856514E+00
5.133666023E+00  5.007588387E+00
5.144741894E+00  4.136946201E+00
5.155817765E+00  5.107788563E+00
5.166893635E+00  6.412719727E+00
5.177969506E+00  7.978806496E+00
5.189045376E+00  9.094274521E+00
5.200121247E+00  1.009530926E+01
5.211197118E+00  1.057750320E+01
5.222272988E+00  9.672840118E+00
5.233348859E+00  1.062403393E+01
5.244424729E+00  9.918421745E+00
5.255500600E+00  1.143797970E+01
5.266576471E+00  1.156733036E+01
5.277652341E+00  1.191479397E+01
5.288728212E+00  1.258592510E+01
5.299804082E+00  1.268496513E+01
5.310879953E+00  1.432775879E+01
5.321955824E+00  1.440431786E+01
5.333031694E+00  1.646125603E+01
5.344107565E+00  1.611865044E+01
5.355183435E+00  1.651803398E+01
5.366259306E+00  1.680383682E+01
5.377335177E+00  1.620163727E+01
5.388411047E+00  1.630831528E+01
5.399486918E+00  1.493947697E+01
5.410562788E+00  1.525908852E+01
5.421638659E+00  1.347393894E+01
5.432714530E+00  1.496048164E+01
5.443790400E+00  1.502923679E+01
5.454866271E+00  1.566124535E+01
5.465942141E+00  1.556472111E+01
5.477018012E+00  1.455383015E+01
5.488093883E+00  1.527123165E+01
5.499169753E+00  1.445565891E+01
5.510245624E+00  1.589065266E+01
5.521321494E+00  1.472499371E+01
5.532397365E+00  1.638982010E+01
5.543473236E+00  1.608288002E+01
5.554549106E+00  1.606674957E+01
5.565624977E+00  1.610181808E+01
5.576700847E+00  1.525255394E+01
5.587776718E+00  1.592449951E+01
5.598852589E+00  1.489148808E+01
5.609928459E+00  1.630357552E+01
5.621004330E+00  1.537283230E+01
5.632080200E+00  1.508440113E+01
5.643156071E+00  1.352730751E+01
5.654231942E+00  1.208598232E+01
5.665307812E+00  1.158614063E+01
5.676383683E+00  1.117612648E+01
5.687459553E+00  1.259265900E+01
5.698535424E+00  1.189911175E+01
5.709611295E+00  1.315995407E+01
5.720687165E+00  1.232588291E+01
5.731763036E+00  1.249736881E+01
5.742838906E+00  1.244455910E+01
5.753914777E+00  1.177170181E+01
5.764990648E+00  1.309586048E+01
5.776066518E+00  1.298624802E+01
5.787142389E+00  1.532261753E+01
5.798218259E+00  1.443711948E+01
5.809294130E+00  1.532901382E+01
5.820370001E+00  1.336536312E+01
5.831445871E+00  1.293654346E+01
5.842521742E+00  1.287898064E+01
5.853597612E+00  1.346513557E+01
5.864673483E+00  1.533868885E+01
5.875749354E+00  1.529603386E+01
5.886825224E+00  1.755837250E+01
5.897901095E+00  1.681663322E+01
5.908976965E+00  1.824234390E+01
5.920052836E+00  1.717072868E+01
5.931128707E+00  1.738708687E+01
5.942204577E+00  1.678389740E+01
5.953280448E+00  1.656517029E+01
5.964356318E+00  1.716305923E+01
5.975432189E+00  1.615681839E+01
5.986508060E+00  1.789193726E+01
5.997583930E+00  1.613614655E+01
6.008659801E+00  1.673627472E+01
6.019735671E+00  1.541866875E+01
6.030811542E+00  1.524573326E+01
6.041887413E+00  1.549642181E+01
6.052963283E+00  1.558835793E+01
6.064039154E+00  1.706074333E+01
6.075115024E+00  1.546144581E+01
6.086190895E+00  1.639777184E+01
6.097266766E+00  1.545761776E+01
6.108342636E+00  1.601683998E+01
6.119418507E+00  1.474608898E+01
6.130494377E+00  1.467599773E+01
6.141570248E+00  1.501224041E+01
6.152646119E+00  1.550687695E+01
6.163721989E+00  1.730905533E+01
6.174797860E+00  1.707842064E+01
6.185873730E+00  1.869726944E+01
6.196949601E+00  1.807145309E+01
6.208025472E+00  1.884144211E+01
6.219101342E+00  1.843933105E+01
6.230177213E+00  1.833786201E+01
6.241253083E+00  1.861976242E+01
6.252328954E+00  1.804719925E+01
6.263404825E+00  1.828078079E+01
6.274480695E+00  1.692239952E+01
6.285556566E+00  1.729990387E+01
6.296632436E+00  1.553557301E+01
6.307708307E+00  1.727732658E+01
6.318784178E+00  1.740697479E+01
6.329860048E+00  1.880864525E+01
6.340935919E+00  1.855531883E+01
6.352011789E+00  1.775769424E+01
6.363087660E+00  1.758189774E+01
6.374163531E+00  1.679867363E+01
6.385239401E+00  1.681060600E+01
6.396315272E+00  1.543434334E+01
6.407391142E+00  1.472750950E+01
6.418467013E+00  1.408220196E+01
6.429542884E+00  1.335707664E+01
6.440618754E+00  1.314150429E+01
6.451694625E+00  1.198567581E+01
6.462770495E+00  1.296847153E+01
6.473846366E+00  1.156952953E+01
6.484922237E+00  1.091876125E+01
6.495998107E+00  8.801593781E+00
6.507073978E+00  8.370645523E+00
6.518149848E+00  8.207123756E+00
6.529225719E+00  8.926415443E+00
6.540301590E+00  1.044517326E+01
6.551377460E+00  1.102771091E+01
6.562453331E+00  1.204258251E+01
6.573529201E+00  1.113129330E+01
6.584605072E+00  1.129776955E+01
6.595680943E+00  1.041214848E+01
6.606756813E+00  1.073005772E+01
6.617832684E+00  1.032438469E+01
6.628908554E+00  9.558660507E+00
6.639984425E+00  1.008400917E+01
6.651060296E+00  1.032181358E+01
6.662136166E+00  1.223910713E+01
6.673212037E+00  1.175542927E+01
6.684287907E+00  1.349246693E+01
6.695363778E+00  1.298608208E+01
6.706439649E+00  1.276395512E+01
6.717515519E+00  1.182641888E+01
6.728591390E+00  1.097946262E+01
6.739667260E+00  1.093092728E+01
6.750743131E+00  9.742653847E+00
6.761819002E+00  1.092215919E+01
6.772894872E+00  9.627710342E+00
6.783970743E+00  1.067736530E+01
6.795046613E+00  9.914566994E+00
6.806122484E+00  1.080958843E+01
6.817198355E+00  1.084039307E+01
6.828274225E+00  1.094953918E+01
6.839350096E+00  1.203918457E+01
6.850425966E+00  1.243006134E+01
6.861501837E+00  1.297757435E+01
6.872577708E+00  1.111244583E+01
6.883653578E+00  1.133534622E+01
6.894729449E+00  1.072006893E+01
6.905805319E+00  1.130122471E+01
6.916881190E+00  1.166848469E+01
6.927957061E+00  1.189980221E+01
6.939032931E+00  1.282728767E+01
6.950108802E+00  1.131442738E+01
6.961184672E+00  1.174412251E+01
6.972260543E+00  1.105909443E+01
6.983336414E+00  1.218510151E+01
6.994412284E+00  1.145623493E+01
7.005488155E+00  1.179252815E+01
7.016564025E+00  1.108521271E+01
7.027639896E+00  1.016949654E+01
7.038715767E+00  9.596289635E+00
7.049791637E+00  8.838140488E+00
7.060867508E+00  1.011711597E+01
7.071943378E+00  9.867809296E+00
7.083019249E+00  1.043046188E+01
7.094095120E+00  9.763969421E+00
7.105170990E+00  9.589807510E+00
7.116246861E+00  9.107847214E+00
7.127322731E+00  7.854022026E+00
7.138398602E+00  7.170055866E+00
7.149474473E+00  5.921843529E+00
7.160550343E+00  6.168274403E+00
7.171626214E+00  5.621680737E+00
7.182702084E+00  6.221812248E+00
7.193777955E+00  5.682587147E+00
7.204853826E+00  5.723537445E+00
7.215929696E+00  5.804550171E+00
7.227005567E+00  5.796519756E+00
7.238081437E+00  6.061426163E+00
7.249157308E+00  5.209535599E+00
7.260233179E+00  5.937779427E+00
7.271309049E+00  4.930998802E+00
7.282384920E+00  6.097661495E+00
7.293460790E+00  5.848059177E+00
7.304536661E+00  6.038033485E+00
7.315612532E+00  5.767070770E+00
7.326688402E+00  5.512944221E+00
7.337764273E+00  4.887940884E+00
7.348840143E+00  4.757390499E+00
7.359916014E+00  5.111735821E+00
7.370991885E+00  5.095951557E+00
7.382067755E+00  4.977439404E+00
7.393143626E+00  3.977693319E+00
7.404219496E+00  2.833700657E+00
7.415295367E+00  2.260589600E+00
7.426371238E+00  1.394620895E+00
7.437447108E+00  2.519507885E+00
7.448522979E+00  3.198740244E+00
7.459598849E+00  5.258616924E+00
7.470674720E+00  4.629920959E+00
7.481750591E+00  5.075338364E+00
7.492826461E+00  4.399782181E+00
7.503902332E+00  4.998005867E+00
7.514978202E+00  4.733994007E+00
7.526054073E+00  4.340256214E+00
7.537129944E+00  4.547101498E+00
7.548205814E+00  3.812862873E+00
7.559281685E+00  4.954878807E+00
7.570357555E+00  4.682576180E+00
7.581433426E+00  5.393857956E+00
7.592509297E+00  4.135306835E+00
7.603585167E+00  4.220354557E+00
7.614661038E+00  3.815947533E+00
7.625736908E+00  3.573411703E+00
7.636812779E+00  4.006867886E+00
7.647888650E+00  4.621774673E+00
7.658964520E+00  5.356945515E+00
7.670040391E+00  5.517287731E+00
7.681116261E+00  6.016968250E+00
7.692192132E+00  5.852437496E+00
7.703268003E+00  5.733166218E+00
7.714343873E+00  5.424297333E+00
7.725419744E+00  4.510684967E+00
7.736495614E+00  5.083298206E+00
7.747571485E+00  4.152059555E+00
7.758647356E+00  4.064428329E+00
7.769723226E+00  3.360501051E+00
7.780799097E+00  3.176089287E+00
7.791874967E+00  1.293134212E+00
7.802950838E+00  2.070896327E-01
7.814026709E+00  -3.990783393E-01
7.825102579E+00  -1.118148565E+00
7.836178450E+00  1.094518509E-02
7.847254320E+00  -2.681262195E-01
7.858330191E+00  1.436269045E+00
7.869406062E+00  1.725368977E+00
7.880481932E+00  3.945418119E+00
7.891557803E+00  4.375411034E+00
7.902633673E+00  5.511393547E+00
7.913709544E+00  5.233943462E+00
7.924785415E+00  4.770692825E+00
7.935861285E+00  4.179972649E+00
7.946937156E+00  3.683938503E+00
7.958013026E+00  4.252436161E+00
7.969088897E+00  3.865692139E+00
7.980164768E+00  4.784580231E+00
7.991240638E+00  4.680013180E+00
8.002316509E+00  4.324713707E+00
8.013392379E+00  3.505203247E+00
8.024468250E+00  3.105173349E+00
8.035544121E+00  4.231339931E+00
8.046619991E+00  4.825624466E+00
8.057695862E+00  7.311149597E+00
8.068771732E+00  7.428175926E+00
8.079847603E+00  9.250336647E+00
8.090923474E+00  8.616886139E+00
8.101999344E+00  1.018921947E+01
8.113075215E+00  9.863590240E+00
8.124151085E+00  1.060131073E+01
8.135226956E+00  1.022440434E+01
8.146302827E+00  1.012751961E+01
8.157378697E+00  1.069882870E+01
8.168454568E+00  9.636795998E+00
8.179530438E+00  1.042015362E+01
8.190606309E+00  8.911655426E+00
8.201682180E+00  9.789230347E+00
8.212758050E+00  8.256068230E+00
8.223833921E+00  7.985437393E+00
8.234909791E+00  6.848839283E+00
8.245985662E+00  6.772817612E+00
8.257061533E+00  6.058414936E+00
8.268137403E+00  5.526438236E+00
8.279213274E+00  6.413454056E+00
8.290289144E+00  5.417319775E+00
8.301365015E+00  5.967326641E+00
8.312440886E+00  5.437211990E+00
8.323516756E+00  5.027239799E+00
8.334592627E+00  4.472329140E+00
8.345668497E+00  4.330387592E+00
8.356744368E+00  3.990121126E+00
8.367820239E+00  2.726334095E+00
8.378896109E+00  3.266335249E+00
8.389971980E+00  1.828634739E+00
8.401047850E+00  2.379536152E+00
8.412123721E+00  1.346150517E+00
8.423199592E+00  2.295106888E+00
8.434275462E+00  2.190977097E+00
8.445351333E+00  3.462803125E+00
8.456427203E+00  3.863841057E+00
8.467503074E+00  3.137331724E+00
8.478578945E+00  3.343162537E+00
8.489654815E+00  2.604083538E+00
8.500730686E+00  2.601802826E+00
8.511806556E+00  1.646322489E+00
8.522882427E+00  1.134069681E+00
8.533958298E+00  1.438450664E-01
8.545034168E+00  -1.063897535E-01
8.556110039E+00  5.337018967E-01
8.567185909E+00  -2.980327047E-02
8.578261780E+00  6.267531514E-01
8.589337651E+00  -5.746305361E-02
8.600413521E+00  5.600882173E-01
8.611489392E+00  -3.926953673E-01
8.622565262E+00  1.098076940E+00
8.633641133E+00  9.860005379E-01
8.644717004E+00  2.358590126E+00
8.655792874E+00  2.428369284E+00
8.666868745E+00  1.986483932E+00
8.677944615E+00  9.943783879E-01
8.689020486E+00  -3.812927008E-01
8.700096357E+00  -1.099720076E-01
8.711172227E+00  -4.982491732E-01
8.722248098E+00  1.242268562E+00
8.733323968E+00  1.267905712E+00
8.744399839E+00  2.182631254E+00
8.755475710E+00  2.315645933E+00
8.766551580E+00  3.099556923E+00
8.777627451E+00  3.090641022E+00
8.788703321E+00  2.551364660E+00
8.799779192E+00  2.194524527E+00
8.810855063E+00  7.365915775E-01
8.821930933E+00  1.197638631E+00
8.833006804E+00  6.541469693E-01
8.844082674E+00  1.599846482E+00
8.855158545E+00  7.244015336E-01
8.866234416E+00  2.044266015E-01
8.877310286E+00  -5.238091946E-01
8.888386157E+00  -5.439236164E-01
8.899462027E+00  4.472888261E-02
8.910537898E+00  7.726862431E-01
8.921613769E+00  2.046472311E+00
8.932689639E+00  1.762853622E+00
8.943765510E+00  2.237794638E+00
8.954841380E+00  1.571690679E+00
8.965917251E+00  1.947952032E+00
8.976993122E+00  1.663275957E+00
8.988068992E+00  2.229697227E+00
8.999144863E+00  2.317092180E+00
9.010220733E+00  1.810185075E+00
9.021296604E+00  2.214186668E+00
9.032372475E+00  1.303841591E+00
9.043448345E+00  2.648207664E+00
9.054524216E+00  4.278501987E+00
9.065600086E+00  6.270497799E+00
9.076675957E+00  6.770769119E+00
9.087751828E+00  7.402694225E+00
9.098827698E+00  7.318337917E+00
9.109903569E+00  7.447104931E+00
9.120979439E+00  9.207533836E+00
9.132055310E+00  1.095089722E+01
9.143131181E+00  1.399550629E+01
9.154207051E+00  1.593298149E+01
9.165282922E+00  1.911555862E+01
9.176358792E+00  2.171712303E+01
9.187434663E+00  2.686540794E+01
9.198510534E+00  3.245303726E+01
9.209586404E+00  3.919745636E+01
9.220662275E+00  4.622906494E+01
9.231738145E+00  5.296340561E+01
9.242814016E+00  5.986191940E+01
9.253889887E+00  6.434404755E+01
9.264965757E+00  6.989842987E+01
9.276041628E+00  7.159085083E+01
9.287117498E+00  7.351771545E+01
9.298193369E+00  7.240177917E+01
9.309269240E+00  7.125643158E+01
9.320345110E+00  6.810431671E+01
9.331420981E+00  6.319721985E+01
9.342496851E+00  5.771487427E+01
9.353572722E+00  5.097105026E+01
9.364648593E+00  4.611751556E+01
9.375724463E+00  4.013745117E+01
9.386800334E+00  3.621398544E+01
9.397876205E+00  3.260750580E+01
9.408952075E+00  2.981801605E+01
9.420027946E+00  2.812285614E+01
9.431103816E+00  2.620805168E+01
9.442179687E+00  2.529209137E+01
9.453255558E+00  2.429987526E+01
9.464331428E+00  2.511236000E+01
9.475407299E+00  2.451112366E+01
9.486483169E+00  2.498953438E+01
9.497559040E+00  2.458941841E+01
9.508634911E+00  2.565654945E+01
9.519710781E+00  2.682918358E+01
9.530786652E+00  2.911873627E+01
9.541862522E+00  3.071301651E+01
9.552938393E+00  3.127382660E+01
9.564014264E+00  3.195039749E+01
9.575090134E+00  3.168870926E+01
9.586166005E+00  3.310221863E+01
9.597241875E+00  3.474115753E+01
9.608317746E+00  3.749180984E+01
9.619393617E+00  3.886778259E+01
9.630469487E+00  4.030736542E+01
9.641545358E+00  4.169343185E+01
9.652621228E+00  4.504825592E+01
9.663697099E+00  4.901386642E+01
9.674772970E+00  5.429028320E+01
9.685848840E+00  6.097657394E+01
9.696924711E+00  6.666558075E+01
9.708000581E+00  7.349408722E+01
9.719076452E+00  7.966970062E+01
9.730152323E+00  8.765454102E+01
9.741228193E+00  9.645552063E+01
9.752304064E+00  1.063455505E+02
9.763379934E+00  1.161510315E+02
9.774455805E+00  1.253532486E+02
9.785531676E+00  1.335184784E+02
9.796607546E+00  1.397229919E+02
9.807683417E+00  1.466692810E+02
9.818759287E+00  1.506452026E+02
9.829835158E+00  1.540031586E+02
9.840911029E+00  1.556960144E+02
9.851986899E+00  1.568367310E+02
9.863062770E+00  1.576473236E+02
9.874138640E+00  1.570145416E+02
9.885214511E+00  1.555087280E+02
9.896290382E+00  1.506074066E+02
9.907366252E+00  1.463443298E+02
9.918442123E+00  1.388442535E+02
9.929517993E+00  1.322914429E+02
9.940593864E+00  1.252753677E+02
9.951669735E+00  1.189994583E+02
9.962745605E+00  1.119467850E+02
9.973821476E+00  1.038060913E+02
9.984897346E+00  9.440164185E+01
9.995973217E+00  8.411093140E+01
1.000704909E+01  7.599660492E+01
1.001812496E+01  6.535985565E+01
1.002920083E+01  5.832195282E+01
1.004027670E+01  5.045787811E+01
1.005135257E+01  4.428989029E+01
1.006242844E+01  3.747146988E+01
1.007350431E+01  3.224179459E+01
1.008458018E+01  2.738874054E+01
1.009565605E+01  2.399168777E+01
1.010673192E+01  2.085327911E+01
1.011780779E+01  1.684671211E+01
1.012888366E+01  1.382980251E+01
1.013995953E+01  1.073958302E+01
1.015103541E+01  9.936790466E+00
1.016211128E+01  7.755179882E+00
1.017318715E+01  7.295470715E+00
1.018426302E+01  5.795096397E+00
1.019533889E+01  6.560454369E+00
1.020641476E+01  5.779165268E+00
1.021749063E+01  5.579028606E+00
1.022856650E+01  4.036325932E+00
1.023964237E+01  3.021401644E+00
1.025071824E+01  2.498343468E+00
1.026179411E+01  1.871909380E+00
1.027286998E+01  2.596411467E+00
1.028394585E+01  2.638974667E+00
1.029502172E+01  3.848798275E+00
1.030609759E+01  4.168582439E+00
1.031717346E+01  6.081671715E+00
1.032824933E+01  7.293939590E+00
1.033932521E+01  9.014672279E+00
1.035040108E+01  1.047024155E+01
1.036147695E+01  1.303276634E+01
1.037255282E+01  1.652589798E+01
1.038362869E+01  1.809347725E+01
1.039470456E+01  2.039874649E+01
1.040578043E+01  2.139364052E+01
1.041685630E+01  2.332489586E+01
1.042793217E+01  2.411782646E+01
1.043900804E+01  2.624401283E+01
1.045008391E+01  2.687156487E+01
1.046115978E+01  2.746815491E+01
1.047223565E+01  2.708091164E+01
1.048331152E+01  2.671217155E+01
1.049438739E+01  2.749988365E+01
1.050546326E+01  2.727767944E+01
1.051653914E+01  2.769229698E+01
1.052761501E+01  2.831454659E+01
1.053869088E+01  2.759646606E+01
1.054976675E+01  2.485459328E+01
1.056084262E+01  2.181257629E+01
1.057191849E+01  1.790145493E+01
1.058299436E+01  1.520425415E+01
1.059407023E+01  1.279801750E+01
1.060514610E+01  1.055190372E+01
1.061622197E+01  8.523308754E+00
1.062729784E+01  7.173927784E+00
1.063837371E+01  6.350591183E+00
1.064944958E+01  5.584216118E+00
1.066052545E+01  5.039999485E+00
1.067160132E+01  4.032436371E+00
1.068267719E+01  4.252367973E+00
1.069375306E+01  4.014420033E+00
1.070482894E+01  4.495529652E+00
1.071590481E+01  4.257646561E+00
1.072698068E+01  3.805721521E+00
1.073805655E+01  3.062800646E+00
1.074913242E+01  2.497347116E+00
1.076020829E+01  2.216989994E+00
1.077128416E+01  2.167255402E+00
1.078236003E+01  1.827122688E+00
1.079343590E+01  2.262858868E+00
1.080451177E+01  1.769496560E+00
1.081558764E+01  1.590073466E+00
1.082666351E+01  9.671452641E-01
1.083773938E+01  1.132452637E-01
1.084881525E+01  -8.213425875E-01
1.085989112E+01  -5.552242994E-01
1.087096699E+01  -1.136400402E-01
1.088204286E+01  7.801783681E-01
1.089311874E+01  6.959741116E-01
1.090419461E+01  1.081792355E+00
1.091527048E+01  9.881013632E-01
1.092634635E+01  1.413739204E+00
1.093742222E+01  2.786993265E+00
1.094849809E+01  4.234031677E+00
1.095957396E+01  6.080735683E+00
1.097064983E+01  6.490637302E+00
1.098172570E+01  7.853957653E+00
1.099280157E+01  8.330209732E+00
1.100387744E+01  9.769461632E+00
1.101495331E+01  1.092059040E+01
1.102602918E+01  1.195569324E+01
1.103710505E+01  1.233043957E+01
1.104818092E+01  1.362672329E+01
1.105925679E+01  1.607988358E+01
1.107033267E+01  1.837813950E+01
1.108140854E+01  2.021008492E+01
1.109248441E+01  2.092214394E+01
1.110356028E+01  2.399600029E+01
1.111463615E+01  2.681372833E+01
1.112571202E+01  2.935799026E+01
1.113678789E+01  3.135619736E+01
1.114786376E+01  3.414184189E+01
1.115893963E+01  3.833563995E+01
1.117001550E+01  4.218869019E+01
1.118109137E+01  4.729754257E+01
1.119216724E+01  5.240705490E+01
1.120324311E+01  5.900086212E+01
1.121431898E+01  6.493637848E+01
1.122539485E+01  7.221235657E+01
1.123647072E+01  7.959941864E+01
1.124754659E+01  8.910681152E+01
1.125862247E+01  9.860671997E+01
1.126969834E+01  1.097948990E+02
1.128077421E+01  1.217687378E+02
1.129185008E+01  1.360828857E+02
1.130292595E+01  1.539012604E+02
1.131400182E+01  1.743633270E+02
1.132507769E+01  1.994395142E+02
1.133615356E+01  2.251785736E+02
1.134722943E+01  2.546675110E+02
1.135830530E+01  2.820699768E+02
1.136938117E+01  3.134514160E+02
1.138045704E+01  3.393942871E+02
1.139153291E+01  3.648442383E+02
1.140260878E+01  3.839230957E+02
1.141368465E+01  3.962214966E+02
1.142476052E+01  3.991100464E+02
1.143583639E+01  3.931552429E+02
1.144691227E+01  3.774056396E+02
1.145798814E+01  3.518476257E+02
1.146906401E+01  3.205810547E+02
1.148013988E+01  2.889721375E+02
1.149121575E+01  2.565913391E+02
1.150229162E+01  2.279644012E+02
1.151336749E+01  2.017903137E+02
1.152444336E+01  1.778184662E+02
1.153551923E+01  1.558751221E+02
1.154659510E+01  1.380109558E+02
1.155767097E+01  1.220035248E+02
1.156874684E+01  1.098110733E+02
1.157982271E+01  9.750987244E+01
1.159089858E+01  8.829411316E+01
1.160197445E+01  7.767523956E+01
1.161305032E+01  7.060697174E+01
1.162412620E+01  6.350834274E+01
1.163520207E+01  5.766630554E+01
1.164627794E+01  5.199916840E+01
1.165735381E+01  4.694378281E+01
1.166842968E+01  4.293871307E+01
1.167950555E+01  3.832913971E+01
1.169058142E+01  3.571646118E+01
1.170165729E+01  3.134173584E+01
1.171273316E+01  2.892171860E+01
1.172380903E+01  2.466425896E+01
1.173488490E+01  2.268223381E+01
1.174596077E+01  1.973671341E+01
1.175703664E+01  1.835170937E+01
1.176811251E+01  1.676461029E+01
1.177918838E+01  1.652579880E+01
1.179026425E+01  1.558750725E+01
1.180134012E+01  1.438903522E+01
1.181241600E+01  1.304045677E+01
1.182349187E+01  1.126696014E+01
1.183456774E+01  1.024515247E+01
1.184564361E+01  8.734891891E+00
1.185671948E+01  8.654976845E+00
1.186779535E+01  7.669809341E+00
1.187887122E+01  7.764109612E+00
1.188994709E+01  6.728138447E+00
1.190102296E+01  7.155016422E+00
1.191209883E+01  7.487109661E+00
1.192317470E+01  8.139075279E+00
1.193425057E+01  9.576842308E+00
1.194532644E+01  9.927107811E+00
1.195640231E+01  1.129960346E+01
1.196747818E+01  1.093382359E+01
1.197855405E+01  1.217644310E+01
1.198962993E+01  1.203600216E+01
1.200070580E+01  1.361027622E+01
1.201178167E+01  1.415866470E+01
1.202285754E+01  1.644801521E+01
1.203393341E+01  1.686895370E+01
1.204500928E+01  1.721481895E+01
1.205608515E+01  1.798134422E+01
1.206716102E+01  1.740401077E+01
1.207823689E+01  1.834122467E+01
1.208931276E+01  1.882009125E+01
1.210038863E+01  1.915226555E+01
1.211146450E+01  1.832762909E+01
1.212254037E+01  1.887133598E+01
1.213361624E+01  1.780341911E+01
1.214469211E+01  1.758336067E+01
1.215576798E+01  1.611412621E+01
1.216684385E+01  1.501804161E+01
1.217791973E+01  1.351032925E+01
1.218899560E+01  1.232293320E+01
1.220007147E+01  1.163957977E+01
1.221114734E+01  9.423658371E+00
1.222222321E+01  9.046029091E+00
1.223329908E+01  7.755722523E+00
1.224437495E+01  8.121717453E+00
1.225545082E+01  7.116798401E+00
1.226652669E+01  7.919071674E+00
1.227760256E+01  7.406838417E+00
1.228867843E+01  7.539940357E+00
1.229975430E+01  7.187642097E+00
1.231083017E+01  7.946989536E+00
1.232190604E+01  8.203235626E+00
1.233298191E+01  8.993121147E+00
1.234405778E+01  9.533193588E+00
1.235513365E+01  9.192587852E+00
1.236620953E+01  9.831768990E+00
1.237728540E+01  8.467451096E+00
1.238836127E+01  9.015761375E+00
1.239943714E+01  7.763306618E+00
1.241051301E+01  9.840320587E+00
1.242158888E+01  1.003291988E+01
1.243266475E+01  1.185890770E+01
1.244374062E+01  1.183645248E+01
1.245481649E+01  1.203462315E+01
1.246589236E+01  1.169790363E+01
1.247696823E+01  1.209885216E+01
1.248804410E+01  1.314100552E+01
1.249911997E+01  1.313927746E+01
1.251019584E+01  1.378895092E+01
1.252127171E+01  1.268325710E+01
1.253234758E+01  1.367787743E+01
1.254342346E+01  1.310834980E+01
1.255449933E+01  1.334744358E+01
1.256557520E+01  1.260252094E+01
1.257665107E+01  1.138722038E+01
1.258772694E+01  1.033871174E+01
1.259880281E+01  9.469288826E+00
1.260987868E+01  9.387435913E+00
1.262095455E+01  7.185767174E+00
1.263203042E+01  7.422596455E+00
1.264310629E+01  5.879870415E+00
1.265418216E+01  6.345760345E+00
1.266525803E+01  4.961833477E+00
1.267633390E+01  5.725002289E+00
1.268740977E+01  4.249491215E+00
1.269848564E+01  4.310535431E+00
1.270956151E+01  3.049459934E+00
1.272063738E+01  3.164964914E+00
1.273171326E+01  3.045692205E+00
1.274278913E+01  2.523278713E+00
1.275386500E+01  3.048869610E+00
1.276494087E+01  2.424197435E+00
1.277601674E+01  2.628242970E+00
1.278709261E+01  6.492660642E-01
1.279816848E+01  1.535098553E+00
1.280924435E+01  1.168413281E+00
1.282032022E+01  3.497559309E+00
1.283139609E+01  3.227357149E+00
1.284247196E+01  4.381721497E+00
1.285354783E+01  3.836254120E+00
1.286462370E+01  4.225470066E+00
1.287569957E+01  4.770311832E+00
1.288677544E+01  4.731520653E+00
1.289785131E+01  6.240565777E+00
1.290892718E+01  5.162806988E+00
1.292000306E+01  5.263020039E+00
1.293107893E+01  4.448805332E+00
1.294215480E+01  5.799761772E+00
1.295323067E+01  5.550154686E+00
1.296430654E+01  7.213913918E+00
1.297538241E+01  6.856485844E+00
1.298645828E+01  7.570784092E+00
1.299753415E+01  6.732682705E+00
1.300861002E+01  7.062175274E+00
1.301968589E+01  7.860676289E+00
1.303076176E+01  9.247107506E+00
1.304183763E+01  1.112005615E+01
1.305291350E+01  1.187957478E+01
1.306398937E+01  1.337688923E+01
1.307506524E+01  1.276669216E+01
1.308614111E+01  1.372089005E+01
1.309721699E+01  1.454603577E+01
1.310829286E+01  1.696542740E+01
1.311936873E+01  1.761679268E+01
1.313044460E+01  1.891642761E+01
1.314152047E+01  1.928172302E+01
1.315259634E+01  2.056659698E+01
1.316367221E+01  2.175606537E+01
1.317474808E+01  2.227094078E+01
1.318582395E+01  2.365715218E+01
1.319689982E+01  2.469940186E+01
1.320797569E+01  2.805140686E+01
1.321905156E+01  2.896710587E+01
1.323012743E+01  3.253124237E+01
1.324120330E+01  3.466242599E+01
1.325227917E+01  3.953658676E+01
1.326335504E+01  4.221673584E+01
1.327443091E+01  4.694874954E+01
1.328550679E+01  5.085886383E+01
1.329658266E+01  5.408700180E+01
1.330765853E+01  5.729637909E+01
1.331873440E+01  6.113972473E+01
1.332981027E+01  6.484483337E+01
1.334088614E+01  6.651157379E+01
1.335196201E+01  6.721258545E+01
1.336303788E+01  6.522447968E+01
1.337411375E+01  6.367409134E+01
1.338518962E+01  6.008657455E+01
1.339626549E+01  5.747925949E+01
1.340734136E+01  5.311629868E+01
1.341841723E+01  4.865796280E+01
1.342949310E+01  4.431652451E+01
1.344056897E+01  4.070842743E+01
1.345164484E+01  3.851089859E+01
1.346272071E+01  3.642107010E+01
1.347379659E+01  3.539362717E+01
1.348487246E+01  3.442781830E+01
1.349594833E+01  3.528716660E+01
1.350702420E+01  3.578768539E+01
1.351810007E+01  3.700820160E+01
1.352917594E+01  3.637202454E+01
1.354025181E+01  3.702243423E+01
1.355132768E+01  3.539212799E+01
1.356240355E+01  3.527782440E+01
1.357347942E+01  3.317728806E+01
1.358455529E+01  3.152675438E+01
1.359563116E+01  2.822584343E+01
1.360670703E+01  2.582749176E+01
1.361778290E+01  2.393028641E+01
1.362885877E+01  2.182287788E+01
1.363993464E+01  2.046811295E+01
1.365101052E+01  1.978806686E+01
1.366208639E+01  1.998374176E+01
1.367316226E+01  1.845755577E+01
1.368423813E+01  1.924071693E+01
1.369531400E+01  1.769499397E+01
1.370638987E+01  1.773501587E+01
1.371746574E+01  1.582753372E+01
1.372854161E+01  1.578366280E+01
1.373961748E+01  1.452145004E+01
1.375069335E+01  1.493319035E+01
1.376176922E+01  1.421281242E+01
1.377284509E+01  1.379753494E+01
1.378392096E+01  1.315082169E+01
1.379499683E+01  1.182561684E+01
1.380607270E+01  1.207335377E+01
1.381714857E+01  1.109920216E+01
1.382822444E+01  1.195598984E+01
1.383930032E+01  1.102699280E+01
1.385037619E+01  1.174187660E+01
1.386145206E+01  9.547275543E+00
1.387252793E+01  1.006939220E+01
1.388360380E+01  8.988389015E+00
1.389467967E+01  9.112847328E+00
1.390575554E+01  7.705697536E+00
1.391683141E+01  6.759488583E+00
1.392790728E+01  5.185227871E+00
1.393898315E+01  3.865606308E+00
1.395005902E+01  3.775236368E+00
1.396113489E+01  3.304016590E+00
1.397221076E+01  3.321341515E+00
1.398328663E+01  2.371656656E+00
1.399436250E+01  2.650289297E+00
1.400543837E+01  1.467682123E+00
1.401651424E+01  2.590457201E+00
1.402759012E+01  2.259970665E+00
1.403866599E+01  3.618703842E+00
1.404974186E+01  3.579038382E+00
1.406081773E+01  3.583020926E+00
1.407189360E+01  2.189643621E+00
1.408296947E+01  1.147231221E+00
1.409404534E+01  7.967622876E-01
1.410512121E+01  1.510954499E+00
1.411619708E+01  2.137380838E+00
1.412727295E+01  1.726007462E+00
1.413834882E+01  3.126240730E+00
1.414942469E+01  2.987291574E+00
1.416050056E+01  4.314084530E+00
1.417157643E+01  4.296725750E+00
1.418265230E+01  5.630446911E+00
1.419372817E+01  4.790875912E+00
1.420480405E+01  5.675026894E+00
1.421587992E+01  5.343852997E+00
1.422695579E+01  5.826691151E+00
1.423803166E+01  5.436445713E+00
1.424910753E+01  4.944026947E+00
1.426018340E+01  4.780378342E+00
1.427125927E+01  4.184302807E+00
1.428233514E+01  4.459175110E+00
1.429341101E+01  3.621747017E+00
1.430448688E+01  4.574266434E+00
1.431556275E+01  4.771223068E+00
1.432663862E+01  6.004628658E+00
1.433771449E+01  5.021203518E+00
1.434879036E+01  6.346961021E+00
1.435986623E+01  5.165869713E+00
1.437094210E+01  6.012358189E+00
1.438201797E+01  5.439894199E+00
1.439309385E+01  6.569811344E+00
1.440416972E+01  7.076907158E+00
1.441524559E+01  8.050645828E+00
1.442632146E+01  8.040450096E+00
1.443739733E+01  8.321320534E+00
1.444847320E+01  8.882734299E+00
1.445954907E+01  7.702929497E+00
1.447062494E+01  8.594859123E+00
1.448170081E+01  8.820078850E+00
1.449277668E+01  1.142651558E+01
1.450385255E+01  1.195440102E+01
1.451492842E+01  1.418456364E+01
1.452600429E+01  1.380590534E+01
1.453708016E+01  1.490600872E+01
1.454815603E+01  1.463067722E+01
1.455923190E+01  1.566379452E+01
1.457030777E+01  1.586966133E+01
1.458138365E+01  1.697780800E+01
1.459245952E+01  1.737730789E+01
1.460353539E+01  1.716279221E+01
1.461461126E+01  1.747711182E+01
1.462568713E+01  1.738962555E+01
1.463676300E+01  1.768733597E+01
1.464783887E+01  1.694753265E+01
1.465891474E+01  1.705364799E+01
1.466999061E+01  1.508321095E+01
1.468106648E+01  1.472140598E+01
1.469214235E+01  1.231992531E+01
1.470321822E+01  1.208519173E+01
1.471429409E+01  1.017296982E+01
1.472536996E+01  1.068067265E+01
1.473644583E+01  1.000039005E+01
1.474752170E+01  9.784219742E+00
1.475859758E+01  8.456601143E+00
1.476967345E+01  7.531080723E+00
1.478074932E+01  6.897185802E+00
1.479182519E+01  6.135360718E+00
1.480290106E+01  6.610475063E+00
1.481397693E+01  5.540426731E+00
1.482505280E+01  5.317187786E+00
1.483612867E+01  3.756805658E+00
1.484720454E+01  4.186315060E+00
1.485828041E+01  2.420059443E+00
1.486935628E+01  3.216964722E+00
1.488043215E+01  2.554221869E+00
1.489150802E+01  3.863127470E+00
1.490258389E+01  3.282989979E+00
1.491365976E+01  3.725583076E+00
1.492473563E+01  3.210838795E+00
1.493581150E+01  3.917874336E+00
1.494688738E+01  3.852471828E+00
1.495796325E+01  3.679598331E+00
1.496903912E+01  2.906756401E+00
1.498011499E+01  1.918406606E+00
1.499119086E+01  1.714738488E+00
1.500226673E+01  7.605473399E-01
1.501334260E+01  1.778203011E+00
1.502441847E+01  1.146087646E+00
1.503549434E+01  2.036535025E+00
1.504657021E+01  5.064074397E-01
1.505764608E+01  1.280542016E+00
1.506872195E+01  -4.584531486E-01
1.507979782E+01  3.558254540E-01
1.509087369E+01  -1.007574916E+00
1.510194956E+01  -6.030867696E-01
1.511302543E+01  -1.408475518E+00
1.512410130E+01  -5.616560578E-01
1.513517718E+01  -3.848630190E-01
1.514625305E+01  6.639333963E-01
1.515732892E+01  1.931701183E+00
1.516840479E+01  3.281771898E+00
1.517948066E+01  5.812102795E+00
1.519055653E+01  8.183156967E+00
1.520163240E+01  1.290135002E+01
1.521270827E+01  1.681099510E+01
1.522378414E+01  2.092633057E+01
1.523486001E+01  1.866883087E+01
1.524593588E+01  1.491797733E+01
1.525701175E+01  8.241249084E+00
1.526808762E+01  6.018871784E+00
1.527916349E+01  3.687228203E+00
1.529023936E+01  3.598964691E+00
1.530131523E+01  2.388225079E+00
1.531239111E+01  2.803170443E+00
1.532346698E+01  2.345871449E+00
1.533454285E+01  3.023528099E+00
1.534561872E+01  4.042805672E+00
1.535669459E+01  5.180683613E+00
1.536777046E+01  6.474642277E+00
1.537884633E+01  6.111088276E+00
1.538992220E+01  6.255677223E+00
1.540099807E+01  5.079926014E+00
1.541207394E+01  6.236552238E+00
1.542314981E+01  5.539162159E+00
1.543422568E+01  6.375336647E+00
1.544530155E+01  4.733242989E+00
1.545637742E+01  5.175997257E+00
1.546745329E+01  3.402702093E+00
1.547852916E+01  3.592682362E+00
1.548960503E+01  2.154509783E+00
1.550068091E+01  2.580494404E+00
1.551175678E+01  1.548735023E+00
1.552283265E+01  1.869164109E+00
1.553390852E+01  1.705226779E+00
1.554498439E+01  1.647123575E+00
1.555606026E+01  1.760637403E+00
1.556713613E+01  1.197241426E+00
1.557821200E+01  1.527595162E+00
1.558928787E+01  7.945220470E-01
1.560036374E+01  1.401193619E+00
1.561143961E+01  1.220748067E+00
1.562251548E+01  3.185646057E+00
1.563359135E+01  2.971507788E+00
1.564466722E+01  4.282270432E+00
1.565574309E+01  3.583340645E+00
1.566681896E+01  4.647738934E+00
1.567789483E+01  4.931341648E+00
1.568897071E+01  6.571662903E+00
1.570004658E+01  7.174473286E+00
1.571112245E+01  8.703450203E+00
1.572219832E+01  9.988231659E+00
1.573327419E+01  1.168657875E+01
1.574435006E+01  1.260590553E+01
1.575542593E+01  1.329629803E+01
1.576650180E+01  1.439353180E+01
1.577757767E+01  1.522087860E+01
1.578865354E+01  1.701664352E+01
1.579972941E+01  1.792269707E+01
1.581080528E+01  2.093856621E+01
1.582188115E+01  2.302691460E+01
1.583295702E+01  2.662232399E+01
1.584403289E+01  2.866035080E+01
1.585510876E+01  3.234436798E+01
1.586618464E+01  3.439019775E+01
1.587726051E+01  3.884179306E+01
1.588833638E+01  4.177775574E+01
1.589941225E+01  4.633285522E+01
1.591048812E+01  5.070092773E+01
1.592156399E+01  5.642517853E+01
1.593263986E+01  6.085813904E+01
1.594371573E+01  6.568729401E+01
1.595479160E+01  6.982767487E+01
1.596586747E+01  7.406857300E+01
1.597694334E+01  7.806914520E+01
1.598801921E+01  8.152933502E+01
1.599909508E+01  8.597573090E+01
1.601017095E+01  8.957408905E+01
1.602124682E+01  9.537052917E+01
1.603232269E+01  9.935356140E+01
1.604339856E+01  1.052824478E+02
1.605447444E+01  1.095077515E+02
1.606555031E+01  1.149171448E+02
1.607662618E+01  1.179849701E+02
1.608770205E+01  1.227727356E+02
1.609877792E+01  1.255775452E+02
1.610985379E+01  1.294506378E+02
1.612092966E+01  1.318973846E+02
1.613200553E+01  1.351762848E+02
1.614308140E+01  1.373930359E+02
1.615415727E+01  1.378711243E+02
1.616523314E+01  1.372516327E+02
1.617630901E+01  1.359808197E+02
1.618738488E+01  1.335328064E+02
1.619846075E+01  1.298999939E+02
1.620953662E+01  1.259688416E+02
1.622061249E+01  1.205130081E+02
1.623168836E+01  1.158918533E+02
1.624276424E+01  1.100394287E+02
1.625384011E+01  1.045607071E+02
1.626491598E+01  9.754476929E+01
1.627599185E+01  9.280337524E+01
1.628706772E+01  8.720465088E+01
1.629814359E+01  8.328764343E+01
1.630921946E+01  7.789925385E+01
1.632029533E+01  7.408901978E+01
1.633137120E+01  6.907517242E+01
1.634244707E+01  6.590090179E+01
1.635352294E+01  6.148218918E+01
1.636459881E+01  5.796989059E+01
1.637567468E+01  5.307710648E+01
1.638675055E+01  4.967367554E+01
1.639782642E+01  4.630107117E+01
1.640890229E+01  4.379616547E+01
1.641997817E+01  4.131224442E+01
1.643105404E+01  3.837123871E+01
1.644212991E+01  3.571529007E+01
1.645320578E+01  3.217541122E+01
1.646428165E+01  3.056674194E+01
1.647535752E+01  2.798835182E+01
1.648643339E+01  2.674560738E+01
1.649750926E+01  2.342976570E+01
1.650858513E+01  2.133446884E+01
1.651966100E+01  1.866400719E+01
1.653073687E+01  1.911265182E+01
1.654181274E+01  1.756217766E+01
1.655288861E+01  1.688507652E+01
1.656396448E+01  1.412839890E+01
1.657504035E+01  1.296858978E+01
1.658611622E+01  1.118145561E+01
1.659719209E+01  1.068318081E+01
1.660826797E+01  9.552548409E+00
1.661934384E+01  8.996756554E+00
1.663041971E+01  7.426857471E+00
1.664149558E+01  6.695799351E+00
1.665257145E+01  6.938022137E+00
1.666364732E+01  7.091919422E+00
1.667472319E+01  6.598569870E+00
1.668579906E+01  4.968388081E+00
1.669687493E+01  3.749141693E+00
1.670795080E+01  2.074290752E+00
1.671902667E+01  1.611475825E+00
1.673010254E+01  1.979265451E+00
1.674117841E+01  2.370691776E+00
1.675225428E+01  2.314725161E+00
1.676333015E+01  2.402105093E+00
1.677440602E+01  1.892029047E+00
1.678548190E+01  1.929438710E+00
1.679655777E+01  1.584326506E+00
1.680763364E+01  1.467702866E+00
1.681870951E+01  5.577680469E-01
1.682978538E+01  5.285261869E-01
1.684086125E+01  -3.075878918E-01
1.685193712E+01  1.274280064E-02
1.686301299E+01  -2.637137473E-01
1.687408886E+01  5.048806220E-02
1.688516473E+01  -9.963371605E-02
1.689624060E+01  -3.171524405E-01
1.690731647E+01  -5.703712702E-01
1.691839234E+01  -3.231942356E-01
1.692946821E+01  -1.960145086E-01
1.694054408E+01  -2.569741309E-01
1.695161995E+01  -2.714755535E-01
1.696269582E+01  4.855625927E-01
1.697377170E+01  1.896209598E+00
1.698484757E+01  2.925304174E+00
1.699592344E+01  3.946137190E+00
1.700699931E+01  4.103002548E+00
1.701807518E+01  4.906165123E+00
1.702915105E+01  4.113211632E+00
1.704022692E+01  5.230268002E+00
1.705130279E+01  5.343545437E+00
1.706237866E+01  7.177443027E+00
1.707345453E+01  6.989325047E+00
1.708453040E+01  8.079042435E+00
1.709560627E+01  7.451038837E+00
1.710668214E+01  8.335840225E+00
1.711775801E+01  8.459336281E+00
1.712883388E+01  8.734190941E+00
1.713990975E+01  8.846508980E+00
1.715098562E+01  9.563699722E+00
1.716206150E+01  9.184424400E+00
1.717313737E+01  8.831811905E+00
1.718421324E+01  8.048918724E+00
1.719528911E+01  7.496232033E+00
1.720636498E+01  6.812516689E+00
1.721744085E+01  6.564761162E+00
1.722851672E+01  6.231577396E+00
1.723959259E+01  5.949294567E+00
1.725066846E+01  6.614740849E+00
1.726174433E+01  6.651357174E+00
1.727282020E+01  7.853678703E+00
1.728389607E+01  8.261846542E+00
1.729497194E+01  9.127916336E+00
1.730604781E+01  8.921471596E+00
1.731712368E+01  9.615025520E+00
1.732819955E+01  9.354430199E+00
1.733927543E+01  1.056116962E+01
1.735035130E+01  1.054393482E+01
1.736142717E+01  1.179354286E+01
1.737250304E+01  1.172390366E+01
1.738357891E+01  1.372939205E+01
1.739465478E+01  1.454837513E+01
1.740573065E+01  1.644119072E+01
1.741680652E+01  1.743379402E+01
1.742788239E+01  1.861830139E+01
1.743895826E+01  1.854776001E+01
1.745003413E+01  1.892048073E+01
1.746111000E+01  1.822138596E+01
1.747218587E+01  1.886093140E+01
1.748326174E+01  1.850884819E+01
1.749433761E+01  1.861195946E+01
1.750541348E+01  1.857411575E+01
1.751648935E+01  1.818343735E+01
1.752756523E+01  1.777760124E+01
1.753864110E+01  1.726996422E+01
1.754971697E+01  1.738808632E+01
1.756079284E+01  1.635463524E+01
1.757186871E+01  1.648700905E+01
1.758294458E+01  1.509282589E+01
1.759402045E+01  1.440695095E+01
1.760509632E+01  1.309881306E+01
1.761617219E+01  1.309149837E+01
1.762724806E+01  1.259934998E+01
1.763832393E+01  1.301883411E+01
1.764939980E+01  1.205915833E+01
1.766047567E+01  1.175716209E+01
1.767155154E+01  9.486598015E+00
1.768262741E+01  9.485470772E+00
1.769370328E+01  9.118738174E+00
1.770477915E+01  9.755015373E+00
1.771585503E+01  8.561989784E+00
1.772693090E+01  8.277169228E+00
1.773800677E+01  7.294068336E+00
1.774908264E+01  8.052830696E+00
1.776015851E+01  8.461616516E+00
1.777123438E+01  8.798215866E+00
1.778231025E+01  7.665125847E+00
1.779338612E+01  6.772996902E+00
1.780446199E+01  6.224815845E+00
1.781553786E+01  6.478551388E+00
1.782661373E+01  6.440170765E+00
1.783768960E+01  6.302509308E+00
1.784876547E+01  5.964215279E+00
1.785984134E+01  5.104211807E+00
1.787091721E+01  4.772275925E+00
1.788199308E+01  4.515745640E+00
1.789306896E+01  4.503543377E+00
1.790414483E+01  3.946589470E+00
1.791522070E+01  3.411031008E+00
1.792629657E+01  2.467413664E+00
1.793737244E+01  2.427742958E+00
1.794844831E+01  1.945336342E+00
1.795952418E+01  3.218926430E+00
1.797060005E+01  3.005110979E+00
1.798167592E+01  4.285833836E+00
1.799275179E+01  3.851881742E+00
1.800382766E+01  4.770411968E+00
1.801490353E+01  3.672307253E+00
1.802597940E+01  3.927956343E+00
1.803705527E+01  3.364539146E+00
1.804813114E+01  3.853917122E+00
1.805920701E+01  3.564098120E+00
1.807028288E+01  3.826423168E+00
1.808135876E+01  3.616280079E+00
1.809243463E+01  3.690797806E+00
1.810351050E+01  4.055154324E+00
1.811458637E+01  4.381523132E+00
1.812566224E+01  3.574745655E+00
1.813673811E+01  3.482291698E+00
1.814781398E+01  2.654269695E+00
1.815888985E+01  3.462322474E+00
1.816996572E+01  3.922624588E+00
1.818104159E+01  4.956624985E+00
1.819211746E+01  4.704033375E+00
1.820319333E+01  4.436641216E+00
1.821426920E+01  4.370817184E+00
1.822534507E+01  4.472198486E+00
1.823642094E+01  4.127317429E+00
1.824749681E+01  3.851125002E+00
1.825857268E+01  3.894896030E+00
1.826964856E+01  3.728654623E+00
1.828072443E+01  3.458407879E+00
1.829180030E+01  3.274632931E+00
1.830287617E+01  3.648321152E+00
1.831395204E+01  3.580978394E+00
1.832502791E+01  4.847788334E+00
1.833610378E+01  5.672417164E+00
1.834717965E+01  6.380334377E+00
1.835825552E+01  6.313362122E+00
1.836933139E+01  7.482264042E+00
1.838040726E+01  7.052829742E+00
1.839148313E+01  7.310716152E+00
1.840255900E+01  6.838940144E+00
1.841363487E+01  8.028864861E+00
1.842471074E+01  7.811885834E+00
1.843578661E+01  8.198255539E+00
1.844686249E+01  7.131569386E+00
1.845793836E+01  7.683838367E+00
1.846901423E+01  7.224677563E+00
1.848009010E+01  7.456949711E+00
1.849116597E+01  6.731709480E+00
1.850224184E+01  8.218611717E+00
1.851331771E+01  8.949367523E+00
1.852439358E+01  9.699097633E+00
1.853546945E+01  9.200436592E+00
1.854654532E+01  9.124986649E+00
1.855762119E+01  8.805479050E+00
1.856869706E+01  9.453062057E+00
1.857977293E+01  9.863601685E+00
1.859084880E+01  1.015523052E+01
1.860192467E+01  9.471469879E+00
1.861300054E+01  1.008328438E+01
1.862407641E+01  1.050016594E+01
1.863515229E+01  1.125431347E+01
1.864622816E+01  1.167065048E+01
1.865730403E+01  1.232068634E+01
1.866837990E+01  1.311089516E+01
1.867945577E+01  1.447826862E+01
1.869053164E+01  1.561053658E+01
1.870160751E+01  1.637633896E+01
1.871268338E+01  1.740237808E+01
1.872375925E+01  1.804582405E+01
1.873483512E+01  1.945755959E+01
1.874591099E+01  2.039759827E+01
1.875698686E+01  2.196482277E+01
1.876806273E+01  2.270978355E+01
1.877913860E+01  2.405486107E+01
1.879021447E+01  2.509358406E+01
1.880129034E+01  2.667533875E+01
1.881236621E+01  2.776329231E+01
1.882344209E+01  2.892119980E+01
1.883451796E+01  3.003947449E+01
1.884559383E+01  3.140453720E+01
1.885666970E+01  3.232087326E+01
1.886774557E+01  3.431880569E+01
1.887882144E+01  3.533856583E+01
1.888989731E+01  3.719880676E+01
1.890097318E+01  3.780973816E+01
1.891204905E+01  3.894705582E+01
1.892312492E+01  3.909933090E+01
1.893420079E+01  4.032546234E+01
1.894527666E+01  4.024879837E+01
1.895635253E+01  4.039453888E+01
1.896742840E+01  3.999686432E+01
1.897850427E+01  3.965349579E+01
1.898958014E+01  3.926388931E+01
1.900065602E+01  3.921627808E+01
1.901173189E+01  3.776388931E+01
1.902280776E+01  3.709279251E+01
1.903388363E+01  3.474942398E+01
1.904495950E+01  3.347331238E+01
1.905603537E+01  3.217025757E+01
1.906711124E+01  3.099433708E+01
1.907818711E+01  2.953834724E+01
1.908926298E+01  2.845684624E+01
1.910033885E+01  2.639413261E+01
1.911141472E+01  2.500378036E+01
1.912249059E+01  2.293642616E+01
1.913356646E+01  2.183537292E+01
1.914464233E+01  2.090862274E+01
1.915571820E+01  2.113003731E+01
1.916679407E+01  2.065096283E+01
1.917786994E+01  2.050824356E+01
1.918894582E+01  1.971185493E+01
1.920002169E+01  1.936699295E+01
1.921109756E+01  1.850193596E+01
1.922217343E+01  1.796600914E+01
1.923324930E+01  1.618348503E+01
1.924432517E+01  1.503737164E+01
1.925540104E+01  1.387576294E+01
1.926647691E+01  1.339562893E+01
1.927755278E+01  1.274413300E+01
1.928862865E+01  1.282185745E+01
1.929970452E+01  1.210384369E+01
1.931078039E+01  1.140620232E+01
1.932185626E+01  1.004113674E+01
1.933293213E+01  9.069142342E+00
1.934400800E+01  8.628354073E+00
1.935508387E+01  7.956765175E+00
1.936615974E+01  7.730601788E+00
1.937723562E+01  7.883664131E+00
1.938831149E+01  8.303857803E+00
1.939938736E+01  8.712100029E+00
1.941046323E+01  9.331267357E+00
1.942153910E+01  9.020961761E+00
1.943261497E+01  9.011881828E+00
1.944369084E+01  8.377508163E+00
1.945476671E+01  8.708415031E+00
1.946584258E+01  9.216766357E+00
1.947691845E+01  1.024314880E+01
1.948799432E+01  1.065745258E+01
1.949907019E+01  1.063719082E+01
1.951014606E+01  1.062892532E+01
1.952122193E+01  1.109435844E+01
1.953229780E+01  1.136433983E+01
1.954337367E+01  1.170136261E+01
1.955444955E+01  1.141137981E+01
1.956552542E+01  1.161382675E+01
1.957660129E+01  1.175675201E+01
1.958767716E+01  1.309802151E+01
1.959875303E+01  1.347680092E+01
1.960982890E+01  1.510505676E+01
1.962090477E+01  1.590593910E+01
1.963198064E+01  1.761070251E+01
1.964305651E+01  1.717959785E+01
1.965413238E+01  1.799377823E+01
1.966520825E+01  1.802374077E+01
1.967628412E+01  1.922948837E+01
1.968735999E+01  1.969894218E+01
1.969843586E+01  2.087206650E+01
1.970951173E+01  2.056650925E+01
1.972058760E+01  2.158525848E+01
1.973166347E+01  2.183969498E+01
1.974273935E+01  2.305759811E+01
1.975381522E+01  2.269744873E+01
1.976489109E+01  2.376581764E+01
1.977596696E+01  2.338254356E+01
1.978704283E+01  2.356589890E+01
1.979811870E+01  2.253043365E+01
1.980919457E+01  2.299386597E+01
1.982027044E+01  2.230280876E+01
1.983134631E+01  2.276358795E+01
1.984242218E+01  2.217495155E+01
1.985349805E+01  2.293964577E+01
1.986457392E+01  2.341695786E+01
1.987564979E+01  2.440977287E+01
1.988672566E+01  2.395778847E+01
1.989780153E+01  2.469933510E+01
1.990887740E+01  2.408938980E+01
1.991995327E+01  2.444060135E+01
1.993102915E+01  2.321600914E+01
1.994210502E+01  2.331151390E+01
1.995318089E+01  2.228367043E+01
1.996425676E+01  2.288776779E+01
1.997533263E+01  2.220161057E+01
1.998640850E+01  2.211746979E+01
1.999748437E+01  2.143997192E+01
2.000856024E+01  2.120764542E+01
2.001963611E+01  2.018021965E+01
2.003071198E+01  1.930810738E+01
2.004178785E+01  1.754930878E+01
2.005286372E+01  1.751221657E+01
2.006393959E+01  1.717682648E+01
2.007501546E+01  1.754511261E+01
2.008609133E+01  1.695744705E+01
2.009716720E+01  1.729229164E+01
2.010824308E+01  1.697084618E+01
2.011931895E+01  1.680763245E+01
2.013039482E+01  1.651585960E+01
2.014147069E+01  1.638881874E+01
2.015254656E+01  1.508992958E+01
2.016362243E+01  1.417030525E+01
2.017469830E+01  1.381924438E+01
2.018577417E+01  1.434567547E+01
2.019685004E+01  1.404607010E+01
2.020792591E+01  1.365195465E+01
2.021900178E+01  1.207429123E+01
2.023007765E+01  1.151065350E+01
2.024115352E+01  1.069668770E+01
2.025222939E+01  1.131895638E+01
2.026330526E+01  1.062162209E+01
2.027438113E+01  1.079658318E+01
2.028545700E+01  1.023494053E+01
2.029653288E+01  1.025209141E+01
2.030760875E+01  1.016341209E+01
2.031868462E+01  9.661699295E+00
2.032976049E+01  8.456822395E+00
2.034083636E+01  8.621421814E+00
2.035191223E+01  8.388031960E+00
2.036298810E+01  8.224032402E+00
2.037406397E+01  7.165882587E+00
2.038513984E+01  7.031276703E+00
2.039621571E+01  6.383995056E+00
2.040729158E+01  6.173552990E+00
2.041836745E+01  5.617528915E+00
2.042944332E+01  6.251620293E+00
2.044051919E+01  6.287796974E+00
2.045159506E+01  7.063773632E+00
2.046267093E+01  6.086223125E+00
2.047374680E+01  4.956564426E+00
2.048482268E+01  3.653192520E+00
2.049589855E+01  3.889881134E+00
2.050697442E+01  3.756654978E+00
2.051805029E+01  4.788640499E+00
2.052912616E+01  5.250004768E+00
2.054020203E+01  5.543623447E+00
2.055127790E+01  4.827538013E+00
2.056235377E+01  4.463196754E+00
2.057342964E+01  3.569164753E+00
2.058450551E+01  3.237674236E+00
2.059558138E+01  2.754835129E+00
2.060665725E+01  2.140914440E+00
2.061773312E+01  2.136657238E+00
2.062880899E+01  1.874422431E+00
2.063988486E+01  8.461917043E-01
2.065096073E+01  1.354000211E+00
2.066203661E+01  1.090981007E+00
2.067311248E+01  9.731415510E-01
2.068418835E+01  3.207491934E-01
2.069526422E+01  4.650102556E-01
2.070634009E+01  4.934206605E-01
2.071741596E+01  1.512695789E+00
2.072849183E+01  1.396808982E+00
2.073956770E+01  1.647336364E+00
2.075064357E+01  1.058491349E+00
2.076171944E+01  1.639241457E+00
2.077279531E+01  1.343045950E+00
2.078387118E+01  1.263904691E+00
2.079494705E+01  2.879785001E-01
2.080602292E+01  8.287082911E-01
2.081709879E+01  4.091075659E-01
2.082817466E+01  8.321937323E-01
2.083925053E+01  1.175372377E-01
2.085032641E+01  4.763889909E-01
2.086140228E+01  8.319779038E-01
2.087247815E+01  1.645475507E+00
2.088355402E+01  1.590107441E+00
2.089462989E+01  2.533128500E+00
2.090570576E+01  2.028538465E+00
2.091678163E+01  1.492658734E+00
2.092785750E+01  7.988958955E-01
2.093893337E+01  9.037481546E-01
2.095000924E+01  4.806182683E-01
2.096108511E+01  1.686673045E+00
2.097216098E+01  2.580080986E+00
2.098323685E+01  3.137333870E+00
2.099431272E+01  1.738080144E+00
2.100538859E+01  1.212928534E+00
2.101646446E+01  -6.164923683E-02
2.102754033E+01  3.383009434E-01
2.103861621E+01  1.035882682E-01
2.104969208E+01  7.474103570E-01
2.106076795E+01  3.512984812E-01
2.107184382E+01  1.440564096E-01
2.108291969E+01  4.602139816E-02
2.109399556E+01  6.972101927E-01
2.110507143E+01  1.173072830E-01
2.111614730E+01  1.459683292E-02
2.112722317E+01  -5.779269338E-01
2.113829904E+01  -3.297347128E-01
2.114937491E+01  -7.416836023E-01
2.116045078E+01  1.460348815E-01
2.117152665E+01  -5.674606189E-02
2.118260252E+01  4.005613327E-01
2.119367839E+01  2.289945632E-01
2.120475426E+01  3.595389724E-01
2.121583014E+01  -1.476259232E-01
2.122690601E+01  -6.323084701E-03
2.123798188E+01  -4.317965806E-01
2.124905775E+01  1.747418642E-01
2.126013362E+01  3.473690152E-02
