4.901072741E+00  2.330027968E-01
4.912148611E+00  -1.550865173E-01
4.923224482E+00  -1.015318036E+00
4.934300353E+00  1.285660744E+00
4.945376223E+00  1.405219197E+00
4.956452094E+00  3.355996132E+00
4.967527964E+00  2.212042093E+00
4.978603835E+00  2.443599701E+00
4.989679706E+00  2.027751923E+00
5.000755576E+00  2.405118942E+00
5.011831447E+00  3.956489801E+00
5.022907317E+00  4.620366573E+00
5.033983188E+00  5.571763039E+00
5.045059059E+00  4.196356297E+00
5.056134929E+00  5.024928093E+00
5.067210800E+00  3.893735170E+00
5.078286670E+00  4.221992493E+00
5.089362541E+00  4.114295959E+00
5.100438412E+00  4.119614601E+00
5.111514282E+00  4.683685780E+00
5.122590153E+00  4.902100563E+00
5.133666023E+00  6.339198112E+00
5.144741894E+00  6.880774498E+00
5.155817765E+00  7.425293922E+00
5.166893635E+00  7.702171803E+00
5.177969506E+00  7.659504890E+00
5.189045376E+00  8.239858627E+00
5.200121247E+00  7.828778744E+00
5.211197118E+00  8.987713814E+00
5.222272988E+00  8.495537758E+00
5.233348859E+00  8.975501060E+00
5.244424729E+00  8.496805191E+00
5.255500600E+00  9.614027977E+00
5.266576471E+00  1.003936386E+01
5.277652341E+00  1.109721565E+01
5.288728212E+00  1.257941246E+01
5.299804082E+00  1.253793430E+01
5.310879953E+00  1.357006264E+01
5.321955824E+00  1.293935394E+01
5.333031694E+00  1.374189281E+01
5.344107565E+00  1.297208977E+01
5.355183435E+00  1.407406807E+01
5.366259306E+00  1.456837368E+01
5.377335177E+00  1.423935318E+01
5.388411047E+00  1.471705723E+01
5.399486918E+00  1.384821796E+01
5.410562788E+00  1.490620613E+01
5.421638659E+00  1.350863266E+01
5.432714530E+00  1.431095314E+01
5.443790400E+00  1.414050007E+01
5.454866271E+00  1.465761471E+01
5.465942141E+00  1.515997028E+01
5.477018012E+00  1.467839050E+01
5.488093883E+00  1.589970589E+01
5.499169753E+00  1.485339832E+01
5.510245624E+00  1.522653580E+01
5.521321494E+00  1.344947338E+01
5.532397365E+00  1.454765224E+01
5.543473236E+00  1.391162109E+01
5.554549106E+00  1.404190922E+01
5.565624977E+00  1.487165642E+01
5.576700847E+00  1.484608173E+01
5.587776718E+00  1.551745224E+01
5.598852589E+00  1.429618263E+01
5.609928459E+00  1.456008720E+01
5.621004330E+00  1.305233192E+01
5.632080200E+00  1.307820892E+01
5.643156071E+00  1.266126633E+01
5.654231942E+00  1.261752796E+01
5.665307812E+00  1.259955978E+01
5.676383683E+00  1.173038387E+01
5.687459553E+00  1.234786415E+01
5.698535424E+00  1.136066151E+01
5.709611295E+00  1.286945438E+01
5.720687165E+00  1.212933826E+01
5.731763036E+00  1.305276012E+01
5.742838906E+00  1.316056538E+01
5.753914777E+00  1.310470581E+01
5.764990648E+00  1.421096706E+01
5.776066518E+00  1.416377831E+01
5.787142389E+00  1.537023163E+01
5.798218259E+00  1.402270031E+01
5.809294130E+00  1.579403400E+01
5.820370001E+00  1.576712132E+01
5.831445871E+00  1.636335754E+01
5.842521742E+00  1.636412621E+01
5.853597612E+00  1.612271881E+01
5.864673483E+00  1.725512695E+01
5.875749354E+00  1.579043198E+01
5.886825224E+00  1.613052177E+01
5.897901095E+00  1.441349220E+01
5.908976965E+00  1.587546825E+01
5.920052836E+00  1.532667065E+01
5.931128707E+00  1.593303680E+01
5.942204577E+00  1.661892509E+01
5.953280448E+00  1.667380905E+01
5.964356318E+00  1.740058517E+01
5.975432189E+00  1.570627880E+01
5.986508060E+00  1.661131477E+01
5.997583930E+00  1.463550186E+01
6.008659801E+00  1.576202774E+01
6.019735671E+00  1.428669739E+01
6.030811542E+00  1.484674072E+01
6.041887413E+00  1.387833309E+01
6.052963283E+00  1.322194386E+01
6.064039154E+00  1.324781895E+01
6.075115024E+00  1.244094753E+01
6.086190895E+00  1.399212170E+01
6.097266766E+00  1.357967854E+01
6.108342636E+00  1.435936642E+01
6.119418507E+00  1.301866627E+01
6.130494377E+00  1.318133450E+01
6.141570248E+00  1.351262665E+01
6.152646119E+00  1.470526028E+01
6.163721989E+00  1.677323723E+01
6.174797860E+00  1.711959839E+01
6.185873730E+00  1.850675392E+01
6.196949601E+00  1.816671562E+01
6.208025472E+00  1.963484192E+01
6.219101342E+00  1.954695511E+01
6.230177213E+00  1.881157875E+01
6.241253083E+00  1.739143944E+01
6.252328954E+00  1.610229301E+01
6.263404825E+00  1.647632408E+01
6.274480695E+00  1.611566925E+01
6.285556566E+00  1.691555595E+01
6.296632436E+00  1.573764992E+01
6.307708307E+00  1.632593918E+01
6.318784178E+00  1.616733932E+01
6.329860048E+00  1.618431473E+01
6.340935919E+00  1.548170853E+01
6.352011789E+00  1.420916557E+01
6.363087660E+00  1.356467724E+01
6.374163531E+00  1.184975338E+01
6.385239401E+00  1.211261272E+01
6.396315272E+00  1.134105396E+01
6.407391142E+00  1.153947830E+01
6.418467013E+00  1.091273308E+01
6.429542884E+00  1.062172222E+01
6.440618754E+00  1.023384666E+01
6.451694625E+00  9.699564934E+00
6.462770495E+00  1.046665287E+01
6.473846366E+00  9.741923332E+00
6.484922237E+00  1.088941288E+01
6.495998107E+00  9.968596458E+00
6.507073978E+00  1.053296375E+01
6.518149848E+00  1.026064205E+01
6.529225719E+00  9.901288033E+00
6.540301590E+00  1.003707695E+01
6.551377460E+00  9.813537598E+00
6.562453331E+00  1.018722916E+01
6.573529201E+00  8.976771355E+00
6.584605072E+00  9.184740067E+00
6.595680943E+00  7.838608265E+00
6.606756813E+00  8.165554047E+00
6.617832684E+00  8.732107162E+00
6.628908554E+00  8.915093422E+00
6.639984425E+00  1.009524441E+01
6.651060296E+00  1.022579384E+01
6.662136166E+00  1.148372746E+01
6.673212037E+00  1.013355064E+01
6.684287907E+00  1.075726891E+01
6.695363778E+00  9.742305756E+00
6.706439649E+00  9.941409111E+00
6.717515519E+00  9.822683334E+00
6.728591390E+00  9.847390175E+00
6.739667260E+00  9.682111740E+00
6.750743131E+00  9.409442902E+00
6.761819002E+00  9.737832069E+00
6.772894872E+00  8.821766853E+00
6.783970743E+00  9.289370537E+00
6.795046613E+00  8.846885681E+00
6.806122484E+00  9.482905388E+00
6.817198355E+00  9.685290337E+00
6.828274225E+00  1.001880455E+01
6.839350096E+00  1.111498547E+01
6.850425966E+00  1.094619179E+01
6.861501837E+00  1.208109665E+01
6.872577708E+00  1.101171589E+01
6.883653578E+00  1.064327621E+01
6.894729449E+00  9.603174210E+00
6.905805319E+00  9.416147232E+00
6.916881190E+00  9.573735237E+00
6.927957061E+00  9.397679329E+00
6.939032931E+00  9.265391350E+00
6.950108802E+00  8.118617058E+00
6.961184672E+00  8.673396111E+00
6.972260543E+00  7.504053593E+00
6.983336414E+00  8.130227089E+00
6.994412284E+00  7.344387531E+00
7.005488155E+00  7.794478416E+00
7.016564025E+00  7.176299572E+00
7.027639896E+00  7.036118507E+00
7.038715767E+00  6.841836929E+00
7.049791637E+00  6.098470211E+00
7.060867508E+00  6.509644985E+00
7.071943378E+00  6.627013683E+00
7.083019249E+00  7.670810223E+00
7.094095120E+00  7.118961334E+00
7.105170990E+00  7.019464970E+00
7.116246861E+00  6.445954323E+00
7.127322731E+00  4.922258854E+00
7.138398602E+00  4.085978985E+00
7.149474473E+00  2.831672430E+00
7.160550343E+00  3.013247252E+00
7.171626214E+00  1.863639712E+00
7.182702084E+00  1.865295529E+00
7.193777955E+00  1.661669612E+00
7.204853826E+00  1.588597536E+00
7.215929696E+00  2.438576937E+00
7.227005567E+00  3.149854183E+00
7.238081437E+00  4.524563789E+00
7.249157308E+00  4.515837193E+00
7.260233179E+00  5.529193401E+00
7.271309049E+00  4.401177883E+00
7.282384920E+00  4.730537891E+00
7.293460790E+00  3.789232969E+00
7.304536661E+00  3.415379047E+00
7.315612532E+00  2.716984510E+00
7.326688402E+00  2.182666779E+00
7.337764273E+00  3.069836378E+00
7.348840143E+00  3.554111004E+00
7.359916014E+00  5.296820164E+00
7.370991885E+00  4.000669003E+00
7.382067755E+00  4.294139385E+00
7.393143626E+00  2.662518024E+00
7.404219496E+00  1.919456244E+00
7.415295367E+00  9.149771333E-01
7.426371238E+00  7.504417896E-01
7.437447108E+00  1.414535999E+00
7.448522979E+00  1.294135094E+00
7.459598849E+00  2.868273735E+00
7.470674720E+00  1.755998611E+00
7.481750591E+00  2.350767136E+00
7.492826461E+00  1.200820446E+00
7.503902332E+00  1.368924022E+00
7.514978202E+00  1.239253879E+00
7.526054073E+00  1.605531216E+00
7.537129944E+00  2.577273369E+00
7.548205814E+00  3.001547337E+00
7.559281685E+00  4.935015678E+00
7.570357555E+00  4.708025932E+00
7.581433426E+00  5.509569168E+00
7.592509297E+00  4.173293591E+00
7.603585167E+00  3.952894926E+00
7.614661038E+00  3.163718700E+00
7.625736908E+00  1.584372401E+00
7.636812779E+00  2.177113295E-01
7.647888650E+00  -3.622362018E-01
7.658964520E+00  2.451024503E-01
7.670040391E+00  6.909062713E-02
7.681116261E+00  1.814025402E+00
7.692192132E+00  2.954230785E+00
7.703268003E+00  4.030078411E+00
7.714343873E+00  4.083412170E+00
7.725419744E+00  3.178423166E+00
7.736495614E+00  2.334755182E+00
7.747571485E+00  8.386615515E-01
7.758647356E+00  9.047487378E-01
7.769723226E+00  1.825678498E-01
7.780799097E+00  1.457542539E+00
7.791874967E+00  7.276291251E-01
7.802950838E+00  1.138862848E+00
7.814026709E+00  5.572577119E-01
7.825102579E+00  3.398015797E-01
7.836178450E+00  6.854087114E-01
7.847254320E+00  1.748728193E-02
7.858330191E+00  5.026159883E-01
7.869406062E+00  -2.106871009E-01
7.880481932E+00  1.059915185E+00
7.891557803E+00  5.144648552E-01
7.902633673E+00  1.244243860E+00
7.913709544E+00  3.993756771E-01
7.924785415E+00  2.866851725E-02
7.935861285E+00  9.768120199E-02
7.946937156E+00  1.358595490E+00
7.958013026E+00  3.463740587E+00
7.969088897E+00  4.400773525E+00
7.980164768E+00  6.181887150E+00
7.991240638E+00  5.484068394E+00
8.002316509E+00  5.412036896E+00
8.013392379E+00  4.396803379E+00
8.024468250E+00  4.463980675E+00
8.035544121E+00  5.370378494E+00
8.046619991E+00  5.996337891E+00
8.057695862E+00  8.465724945E+00
8.068771732E+00  9.270686150E+00
8.079847603E+00  1.094974804E+01
8.090923474E+00  1.073003006E+01
8.101999344E+00  1.167140579E+01
8.113075215E+00  1.142126846E+01
8.124151085E+00  1.194706821E+01
8.135226956E+00  1.258905125E+01
8.146302827E+00  1.270454311E+01
8.157378697E+00  1.328355217E+01
8.168454568E+00  1.241495132E+01
8.179530438E+00  1.287547207E+01
8.190606309E+00  1.171136570E+01
8.201682180E+00  1.145459270E+01
8.212758050E+00  1.011683559E+01
8.223833921E+00  9.355034828E+00
8.234909791E+00  8.669502258E+00
8.245985662E+00  8.113027573E+00
8.257061533E+00  8.707998276E+00
8.268137403E+00  9.432234764E+00
8.279213274E+00  1.052721977E+01
8.290289144E+00  8.600027084E+00
8.301365015E+00  8.500517845E+00
8.312440886E+00  6.854669571E+00
8.323516756E+00  7.588133812E+00
8.334592627E+00  7.256436348E+00
8.345668497E+00  6.265803814E+00
8.356744368E+00  5.724116325E+00
8.367820239E+00  4.416372776E+00
8.378896109E+00  4.583375454E+00
8.389971980E+00  3.095927715E+00
8.401047850E+00  4.335326672E+00
8.412123721E+00  3.325687885E+00
8.423199592E+00  4.076475620E+00
8.434275462E+00  3.262314081E+00
8.445351333E+00  3.661462784E+00
8.456427203E+00  3.348934412E+00
8.467503074E+00  3.274008989E+00
8.478578945E+00  3.456891060E+00
8.489654815E+00  2.493591785E+00
8.500730686E+00  2.208763361E+00
8.511806556E+00  1.698911309E+00
8.522882427E+00  1.714354038E+00
8.533958298E+00  1.454755664E+00
8.545034168E+00  1.123447657E+00
8.556110039E+00  1.095520854E+00
8.567185909E+00  5.409948230E-01
8.578261780E+00  1.193983316E+00
8.589337651E+00  7.662695050E-01
8.600413521E+00  1.790079832E+00
8.611489392E+00  4.841733277E-01
8.622565262E+00  1.124569774E+00
8.633641133E+00  -1.387995481E-01
8.644717004E+00  -6.775990725E-01
8.655792874E+00  -7.773006558E-01
8.666868745E+00  3.957461938E-02
8.677944615E+00  9.562058449E-01
8.689020486E+00  7.672340274E-01
8.700096357E+00  1.396951199E+00
8.711172227E+00  6.903156042E-01
8.722248098E+00  1.301013827E+00
8.733323968E+00  1.808770180E+00
8.744399839E+00  2.261949301E+00
8.755475710E+00  1.155949354E+00
8.766551580E+00  4.720212817E-01
8.777627451E+00  3.827117085E-01
8.788703321E+00  -3.498209417E-01
8.799779192E+00  -2.146272808E-01
8.810855063E+00  -1.102601886E+00
8.821930933E+00  -8.956482261E-02
8.833006804E+00  -1.015449688E-01
8.844082674E+00  7.307272553E-01
8.855158545E+00  4.807549417E-01
8.866234416E+00  1.056523561E+00
8.877310286E+00  1.111999154E+00
8.888386157E+00  8.177579641E-01
8.899462027E+00  1.057274699E+00
8.910537898E+00  1.985287964E-01
8.921613769E+00  1.398446798E+00
8.932689639E+00  9.721645117E-01
8.943765510E+00  2.634970188E+00
8.954841380E+00  2.341780663E+00
8.965917251E+00  2.722688198E+00
8.976993122E+00  1.634107232E+00
8.988068992E+00  2.038778305E+00
8.999144863E+00  2.764312506E+00
9.010220733E+00  3.486955643E+00
9.021296604E+00  5.179340839E+00
9.032372475E+00  6.070327759E+00
9.043448345E+00  8.451030731E+00
9.054524216E+00  8.603043556E+00
9.065600086E+00  1.022861099E+01
9.076675957E+00  1.069037724E+01
9.087751828E+00  1.234927464E+01
9.098827698E+00  1.425592899E+01
9.109903569E+00  1.705398178E+01
9.120979439E+00  1.965989304E+01
9.132055310E+00  2.127552414E+01
9.143131181E+00  2.501349258E+01
9.154207051E+00  2.804561996E+01
9.165282922E+00  3.346791077E+01
9.176358792E+00  3.870034027E+01
9.187434663E+00  4.668997955E+01
9.198510534E+00  5.611105728E+01
9.209586404E+00  6.757310486E+01
9.220662275E+00  7.999838257E+01
9.231738145E+00  9.418293762E+01
9.242814016E+00  1.057374954E+02
9.253889887E+00  1.154194946E+02
9.264965757E+00  1.246158905E+02
9.276041628E+00  1.304383698E+02
9.287117498E+00  1.343753052E+02
9.298193369E+00  1.345936584E+02
9.309269240E+00  1.321981354E+02
9.320345110E+00  1.272747345E+02
9.331420981E+00  1.199587708E+02
9.342496851E+00  1.109951859E+02
9.353572722E+00  9.913365936E+01
9.364648593E+00  8.771456146E+01
9.375724463E+00  7.540956116E+01
9.386800334E+00  6.571904755E+01
9.397876205E+00  5.614268494E+01
9.408952075E+00  5.055279160E+01
9.420027946E+00  4.643729019E+01
9.431103816E+00  4.471036911E+01
9.442179687E+00  4.308735657E+01
9.453255558E+00  4.135852432E+01
9.464331428E+00  4.039263153E+01
9.475407299E+00  3.904781342E+01
9.486483169E+00  3.940094757E+01
9.497559040E+00  4.093381500E+01
9.508634911E+00  4.281118774E+01
9.519710781E+00  4.499115372E+01
9.530786652E+00  4.722709274E+01
9.541862522E+00  4.896732712E+01
9.552938393E+00  4.821621704E+01
9.564014264E+00  4.986701965E+01
9.575090134E+00  4.981532288E+01
9.586166005E+00  4.989433289E+01
9.597241875E+00  4.909362411E+01
9.608317746E+00  4.894866943E+01
9.619393617E+00  4.824885178E+01
9.630469487E+00  4.829795837E+01
9.641545358E+00  4.843127060E+01
9.652621228E+00  4.932378387E+01
9.663697099E+00  5.148912811E+01
9.674772970E+00  5.479689026E+01
9.685848840E+00  5.992537308E+01
9.696924711E+00  6.382997894E+01
9.708000581E+00  6.955680847E+01
9.719076452E+00  7.447973633E+01
9.730152323E+00  8.068099213E+01
9.741228193E+00  8.661245728E+01
9.752304064E+00  9.374687195E+01
9.763379934E+00  1.009417648E+02
9.774455805E+00  1.082577744E+02
9.785531676E+00  1.157980270E+02
9.796607546E+00  1.212631912E+02
9.807683417E+00  1.280732880E+02
9.818759287E+00  1.311688690E+02
9.829835158E+00  1.354035492E+02
9.840911029E+00  1.359697113E+02
9.851986899E+00  1.349702454E+02
9.863062770E+00  1.329428711E+02
9.874138640E+00  1.301640930E+02
9.885214511E+00  1.283104095E+02
9.896290382E+00  1.247048187E+02
9.907366252E+00  1.218260956E+02
9.918442123E+00  1.159742966E+02
9.929517993E+00  1.113668365E+02
9.940593864E+00  1.043086472E+02
9.951669735E+00  9.827411652E+01
9.962745605E+00  9.074787903E+01
9.973821476E+00  8.438960266E+01
9.984897346E+00  7.810897827E+01
9.995973217E+00  7.114894104E+01
1.000704909E+01  6.459909821E+01
1.001812496E+01  5.706994629E+01
1.002920083E+01  5.076755142E+01
1.004027670E+01  4.447182846E+01
1.005135257E+01  4.072418213E+01
1.006242844E+01  3.547310638E+01
1.007350431E+01  3.165306091E+01
1.008458018E+01  2.744935989E+01
1.009565605E+01  2.419135666E+01
1.010673192E+01  2.078665161E+01
1.011780779E+01  1.726393700E+01
1.012888366E+01  1.563652229E+01
1.013995953E+01  1.371080494E+01
1.015103541E+01  1.337435722E+01
1.016211128E+01  1.084263134E+01
1.017318715E+01  9.293843269E+00
1.018426302E+01  6.760700226E+00
1.019533889E+01  6.518338680E+00
1.020641476E+01  7.085054874E+00
1.021749063E+01  8.231097221E+00
1.022856650E+01  8.942041397E+00
1.023964237E+01  8.953951836E+00
1.025071824E+01  1.013350010E+01
1.026179411E+01  9.926218033E+00
1.027286998E+01  1.222636127E+01
1.028394585E+01  1.241902828E+01
1.029502172E+01  1.527432537E+01
1.030609759E+01  1.704758453E+01
1.031717346E+01  2.104833603E+01
1.032824933E+01  2.281889343E+01
1.033932521E+01  2.643794632E+01
1.035040108E+01  3.018742752E+01
1.036147695E+01  3.572207260E+01
1.037255282E+01  4.131417084E+01
1.038362869E+01  4.621402740E+01
1.039470456E+01  5.154975891E+01
1.040578043E+01  5.506618881E+01
1.041685630E+01  5.952826309E+01
1.042793217E+01  6.150452805E+01
1.043900804E+01  6.445231628E+01
1.045008391E+01  6.644994354E+01
1.046115978E+01  6.956630707E+01
1.047223565E+01  7.273041534E+01
1.048331152E+01  7.701679993E+01
1.049438739E+01  8.241012573E+01
1.050546326E+01  8.622869873E+01
1.051653914E+01  9.113235474E+01
1.052761501E+01  9.329438019E+01
1.053869088E+01  9.213609314E+01
1.054976675E+01  8.683638763E+01
1.056084262E+01  7.820537567E+01
1.057191849E+01  6.740353394E+01
1.058299436E+01  5.500843048E+01
1.059407023E+01  4.459874344E+01
1.060514610E+01  3.577341843E+01
1.061622197E+01  2.989727211E+01
1.062729784E+01  2.456167984E+01
1.063837371E+01  1.995091820E+01
1.064944958E+01  1.629480362E+01
1.066052545E+01  1.298537636E+01
1.067160132E+01  1.009999084E+01
1.068267719E+01  7.629449844E+00
1.069375306E+01  6.175281525E+00
1.070482894E+01  5.037744999E+00
1.071590481E+01  4.158825874E+00
1.072698068E+01  3.584761620E+00
1.073805655E+01  3.306860685E+00
1.074913242E+01  3.114652634E+00
1.076020829E+01  3.339417934E+00
1.077128416E+01  3.433289766E+00
1.078236003E+01  3.044205666E+00
1.079343590E+01  1.798376679E+00
1.080451177E+01  1.092281699E+00
1.081558764E+01  5.440816283E-01
1.082666351E+01  1.090987921E-01
1.083773938E+01  4.274727702E-01
1.084881525E+01  9.546535611E-01
1.085989112E+01  2.281225681E+00
1.087096699E+01  2.610325336E+00
1.088204286E+01  3.025828362E+00
1.089311874E+01  3.250040770E+00
1.090419461E+01  3.466574192E+00
1.091527048E+01  3.513096094E+00
1.092634635E+01  2.290995598E+00
1.093742222E+01  2.484867573E+00
1.094849809E+01  2.369518280E+00
1.095957396E+01  3.183134317E+00
1.097064983E+01  3.874353170E+00
1.098172570E+01  5.063932419E+00
1.099280157E+01  4.898144245E+00
1.100387744E+01  6.234564304E+00
1.101495331E+01  7.327620029E+00
1.102602918E+01  8.879615784E+00
1.103710505E+01  1.047237206E+01
1.104818092E+01  1.196822929E+01
1.105925679E+01  1.413369942E+01
1.107033267E+01  1.569538021E+01
1.108140854E+01  1.749729919E+01
1.109248441E+01  1.843548584E+01
1.110356028E+01  2.027413368E+01
1.111463615E+01  2.135848999E+01
1.112571202E+01  2.295677567E+01
1.113678789E+01  2.546147537E+01
1.114786376E+01  2.875286865E+01
1.115893963E+01  3.234611893E+01
1.117001550E+01  3.503202820E+01
1.118109137E+01  3.911591339E+01
1.119216724E+01  4.228017426E+01
1.120324311E+01  4.684588242E+01
1.121431898E+01  4.995575333E+01
1.122539485E+01  5.485028458E+01
1.123647072E+01  5.903303528E+01
1.124754659E+01  6.580321503E+01
1.125862247E+01  7.307330322E+01
1.126969834E+01  8.208953857E+01
1.128077421E+01  9.290295410E+01
1.129185008E+01  1.056137772E+02
1.130292595E+01  1.202738800E+02
1.131400182E+01  1.372433929E+02
1.132507769E+01  1.562157745E+02
1.133615356E+01  1.754742584E+02
1.134722943E+01  1.977070465E+02
1.135830530E+01  2.195528259E+02
1.136938117E+01  2.422397156E+02
1.138045704E+01  2.620128479E+02
1.139153291E+01  2.796463623E+02
1.140260878E+01  2.926560364E+02
1.141368465E+01  3.007223511E+02
1.142476052E+01  3.028337097E+02
1.143583639E+01  2.970366211E+02
1.144691227E+01  2.850543213E+02
1.145798814E+01  2.656930542E+02
1.146906401E+01  2.447778015E+02
1.148013988E+01  2.197910309E+02
1.149121575E+01  1.961039581E+02
1.150229162E+01  1.728793030E+02
1.151336749E+01  1.522905884E+02
1.152444336E+01  1.327754364E+02
1.153551923E+01  1.151651382E+02
1.154659510E+01  1.005111542E+02
1.155767097E+01  8.841711426E+01
1.156874684E+01  7.862921143E+01
1.157982271E+01  6.887703705E+01
1.159089858E+01  6.086576843E+01
1.160197445E+01  5.267057800E+01
1.161305032E+01  4.647858047E+01
1.162412620E+01  4.116621780E+01
1.163520207E+01  3.703681564E+01
1.164627794E+01  3.276820755E+01
1.165735381E+01  2.878372192E+01
1.166842968E+01  2.517842865E+01
1.167950555E+01  2.214786911E+01
1.169058142E+01  1.997315598E+01
1.170165729E+01  1.822348785E+01
1.171273316E+01  1.730961990E+01
1.172380903E+01  1.507590103E+01
1.173488490E+01  1.391599655E+01
1.174596077E+01  1.121417427E+01
1.175703664E+01  1.025753593E+01
1.176811251E+01  8.364557266E+00
1.177918838E+01  7.914016724E+00
1.179026425E+01  6.718288422E+00
1.180134012E+01  5.047389507E+00
1.181241600E+01  4.237133980E+00
1.182349187E+01  3.072435141E+00
1.183456774E+01  3.546213627E+00
1.184564361E+01  2.821802378E+00
1.185671948E+01  3.417760134E+00
1.186779535E+01  2.358139753E+00
1.187887122E+01  2.887576342E+00
1.188994709E+01  2.775608063E+00
1.190102296E+01  3.463039160E+00
1.191209883E+01  3.521167278E+00
1.192317470E+01  3.149465084E+00
1.193425057E+01  3.698407173E+00
1.194532644E+01  4.615391731E+00
1.195640231E+01  6.325234890E+00
1.196747818E+01  6.846869946E+00
1.197855405E+01  8.348399162E+00
1.198962993E+01  8.482666969E+00
1.200070580E+01  1.051714230E+01
1.201178167E+01  1.145391273E+01
1.202285754E+01  1.376515770E+01
1.203393341E+01  1.585030365E+01
1.204500928E+01  1.847767258E+01
1.205608515E+01  2.073504639E+01
1.206716102E+01  2.261535263E+01
1.207823689E+01  2.593207932E+01
1.208931276E+01  2.808123207E+01
1.210038863E+01  3.117207146E+01
1.211146450E+01  3.176979065E+01
1.212254037E+01  3.270594025E+01
1.213361624E+01  3.061065292E+01
1.214469211E+01  2.920805168E+01
1.215576798E+01  2.586801529E+01
1.216684385E+01  2.306698418E+01
1.217791973E+01  2.034646225E+01
1.218899560E+01  1.686453247E+01
1.220007147E+01  1.474179459E+01
1.221114734E+01  1.202646446E+01
1.222222321E+01  1.116189575E+01
1.223329908E+01  9.001352310E+00
1.224437495E+01  8.797757149E+00
1.225545082E+01  6.285717487E+00
1.226652669E+01  5.714612007E+00
1.227760256E+01  3.408525467E+00
1.228867843E+01  2.649302721E+00
1.229975430E+01  2.022865772E+00
1.231083017E+01  2.927390814E+00
1.232190604E+01  3.380070925E+00
1.233298191E+01  3.997097254E+00
1.234405778E+01  5.823858261E+00
1.235513365E+01  6.640972137E+00
1.236620953E+01  8.855397224E+00
1.237728540E+01  8.943672180E+00
1.238836127E+01  1.081910133E+01
1.239943714E+01  1.000070095E+01
1.241051301E+01  1.155875778E+01
1.242158888E+01  1.137910843E+01
1.243266475E+01  1.272014809E+01
1.244374062E+01  1.308904934E+01
1.245481649E+01  1.411823177E+01
1.246589236E+01  1.499968243E+01
1.247696823E+01  1.607333946E+01
1.248804410E+01  1.764044380E+01
1.249911997E+01  1.846695709E+01
1.251019584E+01  2.005981255E+01
1.252127171E+01  1.970792198E+01
1.253234758E+01  2.094043350E+01
1.254342346E+01  2.031262016E+01
1.255449933E+01  2.063415146E+01
1.256557520E+01  1.860007095E+01
1.257665107E+01  1.702249146E+01
1.258772694E+01  1.472658825E+01
1.259880281E+01  1.273602200E+01
1.260987868E+01  1.116759872E+01
1.262095455E+01  8.752868652E+00
1.263203042E+01  8.576537132E+00
1.264310629E+01  6.902872562E+00
1.265418216E+01  7.190851688E+00
1.266525803E+01  6.180944443E+00
1.267633390E+01  7.501686573E+00
1.268740977E+01  6.856322765E+00
1.269848564E+01  6.457742691E+00
1.270956151E+01  4.897014141E+00
1.272063738E+01  3.385078669E+00
1.273171326E+01  2.786934614E+00
1.274278913E+01  1.826835275E+00
1.275386500E+01  1.442537427E+00
1.276494087E+01  1.443106830E-01
1.277601674E+01  1.011763096E+00
1.278709261E+01  8.837274462E-02
1.279816848E+01  1.886248112E+00
1.280924435E+01  1.422749519E+00
1.282032022E+01  3.135283709E+00
1.283139609E+01  1.948565125E+00
1.284247196E+01  2.365435123E+00
1.285354783E+01  1.942326784E+00
1.286462370E+01  2.783282995E+00
1.287569957E+01  4.327675819E+00
1.288677544E+01  4.911608696E+00
1.289785131E+01  6.606293201E+00
1.290892718E+01  6.811192036E+00
1.292000306E+01  8.626940727E+00
1.293107893E+01  9.327514648E+00
1.294215480E+01  1.151672840E+01
1.295323067E+01  1.125957680E+01
1.296430654E+01  1.243721867E+01
1.297538241E+01  1.125747585E+01
1.298645828E+01  1.145429230E+01
1.299753415E+01  1.067237949E+01
1.300861002E+01  1.047942448E+01
1.301968589E+01  1.027941895E+01
1.303076176E+01  1.046744156E+01
1.304183763E+01  1.184384727E+01
1.305291350E+01  1.232043839E+01
1.306398937E+01  1.451092434E+01
1.307506524E+01  1.435469627E+01
1.308614111E+01  1.655652618E+01
1.309721699E+01  1.670924377E+01
1.310829286E+01  1.815800476E+01
1.311936873E+01  1.815115356E+01
1.313044460E+01  2.091213799E+01
1.314152047E+01  2.209384155E+01
1.315259634E+01  2.398623657E+01
1.316367221E+01  2.543361282E+01
1.317474808E+01  2.696971130E+01
1.318582395E+01  2.984604645E+01
1.319689982E+01  3.259354401E+01
1.320797569E+01  3.554892349E+01
1.321905156E+01  3.725396729E+01
1.323012743E+01  4.037253952E+01
1.324120330E+01  4.328211212E+01
1.325227917E+01  4.718096542E+01
1.326335504E+01  5.153787994E+01
1.327443091E+01  5.787314987E+01
1.328550679E+01  6.410440063E+01
1.329658266E+01  7.087508392E+01
1.330765853E+01  7.776005554E+01
1.331873440E+01  8.329815674E+01
1.332981027E+01  8.806397247E+01
1.334088614E+01  9.017642212E+01
1.335196201E+01  9.110779572E+01
1.336303788E+01  8.778987122E+01
1.337411375E+01  8.480565643E+01
1.338518962E+01  7.892882538E+01
1.339626549E+01  7.467330170E+01
1.340734136E+01  6.872779846E+01
1.341841723E+01  6.466444397E+01
1.342949310E+01  5.980440903E+01
1.344056897E+01  5.594186020E+01
1.345164484E+01  5.328747940E+01
1.346272071E+01  5.205572510E+01
1.347379659E+01  5.176416016E+01
1.348487246E+01  5.158622742E+01
1.349594833E+01  5.259049988E+01
1.350702420E+01  5.414060593E+01
1.351810007E+01  5.541217804E+01
1.352917594E+01  5.656400299E+01
1.354025181E+01  5.765733337E+01
1.355132768E+01  5.808972168E+01
1.356240355E+01  5.867278290E+01
1.357347942E+01  5.542174530E+01
1.358455529E+01  5.163064957E+01
1.359563116E+01  4.734779739E+01
1.360670703E+01  4.364433289E+01
1.361778290E+01  4.230793762E+01
1.362885877E+01  4.037434769E+01
1.363993464E+01  3.903811646E+01
1.365101052E+01  3.674586868E+01
1.366208639E+01  3.528675842E+01
1.367316226E+01  3.169676971E+01
1.368423813E+01  2.972050285E+01
1.369531400E+01  2.628981590E+01
1.370638987E+01  2.628286171E+01
1.371746574E+01  2.500088310E+01
1.372854161E+01  2.577662659E+01
1.373961748E+01  2.460994530E+01
1.375069335E+01  2.447909927E+01
1.376176922E+01  2.358169937E+01
1.377284509E+01  2.244190598E+01
1.378392096E+01  2.109473801E+01
1.379499683E+01  2.035635185E+01
1.380607270E+01  1.998686981E+01
1.381714857E+01  1.856575775E+01
1.382822444E+01  1.843102455E+01
1.383930032E+01  1.615884209E+01
1.385037619E+01  1.595184898E+01
1.386145206E+01  1.358800602E+01
1.387252793E+01  1.317608356E+01
1.388360380E+01  1.179702377E+01
1.389467967E+01  1.168606949E+01
1.390575554E+01  1.060116673E+01
1.391683141E+01  1.035410023E+01
1.392790728E+01  9.737979889E+00
1.393898315E+01  9.492814064E+00
1.395005902E+01  9.508396149E+00
1.396113489E+01  9.603474617E+00
1.397221076E+01  1.006420708E+01
1.398328663E+01  9.574092865E+00
1.399436250E+01  1.067051220E+01
1.400543837E+01  9.796607971E+00
1.401651424E+01  1.065504837E+01
1.402759012E+01  8.735363960E+00
1.403866599E+01  9.097155571E+00
1.404974186E+01  8.518775940E+00
1.406081773E+01  9.163584709E+00
1.407189360E+01  7.649777412E+00
1.408296947E+01  7.135709286E+00
1.409404534E+01  6.821727276E+00
1.410512121E+01  6.358373642E+00
1.411619708E+01  5.712594509E+00
1.412727295E+01  5.273942471E+00
1.413834882E+01  5.163414478E+00
1.414942469E+01  4.934744358E+00
1.416050056E+01  6.099915504E+00
1.417157643E+01  5.734874725E+00
1.418265230E+01  6.636269093E+00
1.419372817E+01  6.510410309E+00
1.420480405E+01  7.574593544E+00
1.421587992E+01  7.216521740E+00
1.422695579E+01  7.588786125E+00
1.423803166E+01  7.614604950E+00
1.424910753E+01  7.497220516E+00
1.426018340E+01  7.285575867E+00
1.427125927E+01  6.708662510E+00
1.428233514E+01  6.668807983E+00
1.429341101E+01  6.468969345E+00
1.430448688E+01  7.358999729E+00
1.431556275E+01  7.487793922E+00
1.432663862E+01  8.778412819E+00
1.433771449E+01  8.227642059E+00
1.434879036E+01  9.377673149E+00
1.435986623E+01  8.790344238E+00
1.437094210E+01  9.819360733E+00
1.438201797E+01  9.380432129E+00
1.439309385E+01  1.025547695E+01
1.440416972E+01  1.035225868E+01
1.441524559E+01  1.126371956E+01
1.442632146E+01  1.193289280E+01
1.443739733E+01  1.351667595E+01
1.444847320E+01  1.582747555E+01
1.445954907E+01  1.676888275E+01
1.447062494E+01  1.838413048E+01
1.448170081E+01  1.827907181E+01
1.449277668E+01  1.929588127E+01
1.450385255E+01  1.864855385E+01
1.451492842E+01  2.063091660E+01
1.452600429E+01  2.020927811E+01
1.453708016E+01  2.142233086E+01
1.454815603E+01  2.139726448E+01
1.455923190E+01  2.353018570E+01
1.457030777E+01  2.449234581E+01
1.458138365E+01  2.676724815E+01
1.459245952E+01  2.776954842E+01
1.460353539E+01  2.861616707E+01
1.461461126E+01  2.897383118E+01
1.462568713E+01  2.839378548E+01
1.463676300E+01  2.828042412E+01
1.464783887E+01  2.728191566E+01
1.465891474E+01  2.663480377E+01
1.466999061E+01  2.406855774E+01
1.468106648E+01  2.283070755E+01
1.469214235E+01  1.983577919E+01
1.470321822E+01  1.955006027E+01
1.471429409E+01  1.748487663E+01
1.472536996E+01  1.706818962E+01
1.473644583E+01  1.522099781E+01
1.474752170E+01  1.336052418E+01
1.475859758E+01  1.087750149E+01
1.476967345E+01  9.119820595E+00
1.478074932E+01  7.644238472E+00
1.479182519E+01  6.203804493E+00
1.480290106E+01  5.676205635E+00
1.481397693E+01  4.447434902E+00
1.482505280E+01  3.542773485E+00
1.483612867E+01  2.121295214E+00
1.484720454E+01  2.356362104E+00
1.485828041E+01  1.468706012E+00
1.486935628E+01  2.164781809E+00
1.488043215E+01  1.057056785E+00
1.489150802E+01  1.700631857E+00
1.490258389E+01  9.943645597E-01
1.491365976E+01  1.747275591E+00
1.492473563E+01  6.606047153E-01
1.493581150E+01  -3.109831512E-01
1.494688738E+01  -9.850323796E-01
1.495796325E+01  -1.171511531E+00
1.496903912E+01  4.251875356E-02
1.498011499E+01  4.037457407E-01
1.499119086E+01  9.153341651E-01
1.500226673E+01  2.028930187E-01
1.501334260E+01  8.688455820E-01
1.502441847E+01  2.541483045E-01
1.503549434E+01  9.519625306E-01
1.504657021E+01  -9.017267823E-02
1.505764608E+01  6.410851479E-01
1.506872195E+01  -1.027437568E+00
1.507979782E+01  -6.004470214E-02
1.509087369E+01  -6.519827992E-02
1.510194956E+01  1.571180940E+00
1.511302543E+01  1.949995399E+00
1.512410130E+01  3.180210590E+00
1.513517718E+01  4.311716557E+00
1.514625305E+01  5.099121094E+00
1.515732892E+01  6.485025883E+00
1.516840479E+01  8.613576889E+00
1.517948066E+01  1.412916851E+01
1.519055653E+01  2.345500946E+01
1.520163240E+01  3.686001587E+01
1.521270827E+01  4.964277267E+01
1.522378414E+01  5.614776230E+01
1.523486001E+01  5.044994736E+01
1.524593588E+01  3.778847122E+01
1.525701175E+01  2.278175354E+01
1.526808762E+01  1.412683582E+01
1.527916349E+01  9.697999954E+00
1.529023936E+01  9.215480804E+00
1.530131523E+01  8.914651871E+00
1.531239111E+01  9.380616188E+00
1.532346698E+01  9.360466957E+00
1.533454285E+01  1.001255131E+01
1.534561872E+01  1.052768707E+01
1.535669459E+01  1.191395378E+01
1.536777046E+01  1.380271816E+01
1.537884633E+01  1.456961060E+01
1.538992220E+01  1.583488750E+01
1.540099807E+01  1.593877411E+01
1.541207394E+01  1.698431206E+01
1.542314981E+01  1.541218472E+01
1.543422568E+01  1.499498272E+01
1.544530155E+01  1.244157219E+01
1.545637742E+01  1.149463081E+01
1.546745329E+01  9.475321770E+00
1.547852916E+01  9.421846390E+00
1.548960503E+01  7.661462307E+00
1.550068091E+01  6.813173294E+00
1.551175678E+01  6.000615120E+00
1.552283265E+01  5.805427074E+00
1.553390852E+01  5.306924820E+00
1.554498439E+01  4.294866562E+00
1.555606026E+01  3.359421492E+00
1.556713613E+01  2.220025063E+00
1.557821200E+01  2.173500299E+00
1.558928787E+01  1.577455640E+00
1.560036374E+01  2.216373444E+00
1.561143961E+01  1.725682974E+00
1.562251548E+01  2.487755775E+00
1.563359135E+01  1.604929209E+00
1.564466722E+01  2.976165056E+00
1.565574309E+01  2.242851973E+00
1.566681896E+01  3.246934175E+00
1.567789483E+01  2.928617954E+00
1.568897071E+01  4.232131958E+00
1.570004658E+01  3.793960571E+00
1.571112245E+01  4.459690571E+00
1.572219832E+01  4.331983089E+00
1.573327419E+01  5.607123375E+00
1.574435006E+01  6.544867992E+00
1.575542593E+01  8.017641068E+00
1.576650180E+01  9.525671005E+00
1.577757767E+01  1.034664536E+01
1.578865354E+01  1.174506855E+01
1.579972941E+01  1.215475082E+01
1.581080528E+01  1.406614017E+01
1.582188115E+01  1.507698250E+01
1.583295702E+01  1.768284798E+01
1.584403289E+01  1.840005684E+01
1.585510876E+01  2.111980438E+01
1.586618464E+01  2.255298615E+01
1.587726051E+01  2.591416168E+01
1.588833638E+01  2.908866119E+01
1.589941225E+01  3.331460190E+01
1.591048812E+01  3.652064514E+01
1.592156399E+01  4.010933685E+01
1.593263986E+01  4.294842911E+01
1.594371573E+01  4.566653824E+01
1.595479160E+01  4.913898468E+01
1.596586747E+01  5.245996475E+01
1.597694334E+01  5.642789459E+01
1.598801921E+01  5.984363556E+01
1.599909508E+01  6.310753632E+01
1.601017095E+01  6.587080383E+01
1.602124682E+01  6.923520660E+01
1.603232269E+01  7.143972015E+01
1.604339856E+01  7.508037567E+01
1.605447444E+01  7.738688660E+01
1.606555031E+01  8.096761322E+01
1.607662618E+01  8.255788422E+01
1.608770205E+01  8.576363373E+01
1.609877792E+01  8.693199158E+01
1.610985379E+01  8.968136597E+01
1.612092966E+01  9.132324219E+01
1.613200553E+01  9.381391907E+01
1.614308140E+01  9.531206512E+01
1.615415727E+01  9.579131317E+01
1.616523314E+01  9.468206787E+01
1.617630901E+01  9.329145050E+01
1.618738488E+01  9.196907043E+01
1.619846075E+01  9.061800385E+01
1.620953662E+01  8.918796539E+01
1.622061249E+01  8.631542969E+01
1.623168836E+01  8.298281860E+01
1.624276424E+01  7.787129974E+01
1.625384011E+01  7.321672058E+01
1.626491598E+01  6.790166473E+01
1.627599185E+01  6.382873154E+01
1.628706772E+01  5.963611984E+01
1.629814359E+01  5.743493271E+01
1.630921946E+01  5.361092758E+01
1.632029533E+01  5.054901123E+01
1.633137120E+01  4.656646347E+01
1.634244707E+01  4.437778091E+01
1.635352294E+01  4.170076370E+01
1.636459881E+01  3.955556870E+01
1.637567468E+01  3.625337982E+01
1.638675055E+01  3.390187836E+01
1.639782642E+01  3.132103157E+01
1.640890229E+01  2.942627144E+01
1.641997817E+01  2.720711517E+01
1.643105404E+01  2.537232399E+01
1.644212991E+01  2.428177834E+01
1.645320578E+01  2.219843483E+01
1.646428165E+01  2.037304306E+01
1.647535752E+01  1.745429993E+01
1.648643339E+01  1.556026077E+01
1.649750926E+01  1.307533550E+01
1.650858513E+01  1.302040768E+01
1.651966100E+01  1.180955029E+01
1.653073687E+01  1.252126026E+01
1.654181274E+01  1.074709320E+01
1.655288861E+01  1.070836735E+01
1.656396448E+01  8.801565170E+00
1.657504035E+01  8.694290161E+00
1.658611622E+01  6.820984364E+00
1.659719209E+01  6.735231876E+00
1.660826797E+01  5.360608578E+00
1.661934384E+01  4.948202610E+00
1.663041971E+01  4.207474709E+00
1.664149558E+01  5.711041451E+00
1.665257145E+01  6.802271366E+00
1.666364732E+01  6.924016953E+00
1.667472319E+01  6.461145401E+00
1.668579906E+01  5.601134777E+00
1.669687493E+01  5.604093552E+00
1.670795080E+01  4.032008648E+00
1.671902667E+01  3.930995464E+00
1.673010254E+01  3.146851540E+00
1.674117841E+01  3.602521420E+00
1.675225428E+01  2.902955294E+00
1.676333015E+01  3.182765722E+00
1.677440602E+01  2.367946148E+00
1.678548190E+01  1.902556300E+00
1.679655777E+01  5.109283924E-01
1.680763364E+01  4.910030961E-01
1.681870951E+01  2.316632718E-01
1.682978538E+01  1.392055511E+00
1.684086125E+01  1.104349256E+00
1.685193712E+01  1.494732857E+00
1.686301299E+01  9.885894060E-01
1.687408886E+01  1.865062714E+00
1.688516473E+01  1.578224301E+00
1.689624060E+01  1.811516643E+00
1.690731647E+01  1.631928444E+00
1.691839234E+01  1.469609022E+00
1.692946821E+01  1.318918109E+00
1.694054408E+01  1.090110660E+00
1.695161995E+01  1.729087472E+00
1.696269582E+01  2.540882826E+00
1.697377170E+01  4.447963715E+00
1.698484757E+01  5.329586983E+00
1.699592344E+01  6.178291798E+00
1.700699931E+01  5.935473442E+00
1.701807518E+01  7.464037418E+00
1.702915105E+01  8.659361839E+00
1.704022692E+01  1.069905376E+01
1.705130279E+01  1.156589985E+01
1.706237866E+01  1.355164623E+01
1.707345453E+01  1.479862881E+01
1.708453040E+01  1.615487480E+01
1.709560627E+01  1.733157158E+01
1.710668214E+01  1.888451385E+01
1.711775801E+01  1.921642113E+01
1.712883388E+01  1.985501671E+01
1.713990975E+01  1.928054047E+01
1.715098562E+01  1.939022446E+01
1.716206150E+01  1.886633682E+01
1.717313737E+01  1.853653526E+01
1.718421324E+01  1.798311424E+01
1.719528911E+01  1.748722649E+01
1.720636498E+01  1.722455215E+01
1.721744085E+01  1.647453499E+01
1.722851672E+01  1.585414505E+01
1.723959259E+01  1.498157215E+01
1.725066846E+01  1.492483521E+01
1.726174433E+01  1.338342571E+01
1.727282020E+01  1.375434208E+01
1.728389607E+01  1.266481018E+01
1.729497194E+01  1.355723858E+01
1.730604781E+01  1.334437656E+01
1.731712368E+01  1.405273724E+01
1.732819955E+01  1.351633263E+01
1.733927543E+01  1.475837994E+01
1.735035130E+01  1.543369102E+01
1.736142717E+01  1.756889725E+01
1.737250304E+01  1.792330170E+01
1.738357891E+01  1.896152306E+01
1.739465478E+01  1.971653938E+01
1.740573065E+01  2.113343811E+01
1.741680652E+01  2.204743958E+01
1.742788239E+01  2.380670547E+01
1.743895826E+01  2.408409691E+01
1.745003413E+01  2.504368973E+01
1.746111000E+01  2.523969078E+01
1.747218587E+01  2.534056664E+01
1.748326174E+01  2.498621368E+01
1.749433761E+01  2.504138374E+01
1.750541348E+01  2.409005928E+01
1.751648935E+01  2.230558205E+01
1.752756523E+01  2.143965912E+01
1.753864110E+01  2.023520470E+01
1.754971697E+01  1.956233215E+01
1.756079284E+01  1.877162170E+01
1.757186871E+01  1.850490570E+01
1.758294458E+01  1.743258667E+01
1.759402045E+01  1.652608681E+01
1.760509632E+01  1.462084484E+01
1.761617219E+01  1.373784161E+01
1.762724806E+01  1.210362339E+01
1.763832393E+01  1.196744251E+01
1.764939980E+01  1.098602009E+01
1.766047567E+01  1.119083500E+01
1.767155154E+01  1.052864456E+01
1.768262741E+01  1.116080952E+01
1.769370328E+01  1.037710667E+01
1.770477915E+01  1.010183525E+01
1.771585503E+01  9.175310135E+00
1.772693090E+01  9.494729996E+00
1.773800677E+01  8.869407654E+00
1.774908264E+01  9.776375771E+00
1.776015851E+01  9.565719604E+00
1.777123438E+01  1.018298340E+01
1.778231025E+01  9.086405754E+00
1.779338612E+01  8.772315025E+00
1.780446199E+01  7.751444817E+00
1.781553786E+01  7.690536499E+00
1.782661373E+01  7.018539906E+00
1.783768960E+01  6.702249050E+00
1.784876547E+01  5.788293362E+00
1.785984134E+01  5.522035599E+00
1.787091721E+01  5.415685654E+00
1.788199308E+01  5.236338615E+00
1.789306896E+01  4.707391262E+00
1.790414483E+01  4.225092888E+00
1.791522070E+01  4.110257626E+00
1.792629657E+01  3.788923979E+00
1.793737244E+01  4.194703102E+00
1.794844831E+01  4.046363354E+00
1.795952418E+01  4.473808289E+00
1.797060005E+01  3.704844475E+00
1.798167592E+01  3.846430063E+00
1.799275179E+01  2.444489956E+00
1.800382766E+01  1.916777492E+00
1.801490353E+01  9.105391502E-01
1.802597940E+01  1.649195075E+00
1.803705527E+01  1.453578711E+00
1.804813114E+01  2.566155434E+00
1.805920701E+01  2.968649387E+00
1.807028288E+01  3.749231100E+00
1.808135876E+01  3.266090870E+00
1.809243463E+01  3.381813765E+00
1.810351050E+01  2.695801973E+00
1.811458637E+01  3.063316822E+00
1.812566224E+01  2.879658461E+00
1.813673811E+01  2.969326019E+00
1.814781398E+01  2.468096972E+00
1.815888985E+01  2.501738787E+00
1.816996572E+01  2.756808519E+00
1.818104159E+01  3.132264614E+00
1.819211746E+01  3.079799175E+00
1.820319333E+01  2.386550903E+00
1.821426920E+01  2.234921694E+00
1.822534507E+01  2.660826445E+00
1.823642094E+01  2.995100737E+00
1.824749681E+01  3.988988161E+00
1.825857268E+01  4.974051952E+00
1.826964856E+01  5.245233536E+00
1.828072443E+01  4.464169502E+00
1.829180030E+01  3.830581665E+00
1.830287617E+01  3.849120378E+00
1.831395204E+01  4.186543465E+00
1.832502791E+01  5.549157143E+00
1.833610378E+01  6.598343849E+00
1.834717965E+01  7.925415039E+00
1.835825552E+01  8.300391197E+00
1.836933139E+01  9.293583870E+00
1.838040726E+01  8.735557556E+00
1.839148313E+01  9.239099503E+00
1.840255900E+01  9.181156158E+00
1.841363487E+01  1.010395813E+01
1.842471074E+01  9.767503738E+00
1.843578661E+01  1.033853340E+01
1.844686249E+01  9.567767143E+00
1.845793836E+01  9.572135925E+00
1.846901423E+01  8.688787460E+00
1.848009010E+01  8.553937912E+00
1.849116597E+01  7.897556782E+00
1.850224184E+01  8.015529633E+00
1.851331771E+01  7.686163425E+00
1.852439358E+01  8.330591202E+00
1.853546945E+01  8.754220963E+00
1.854654532E+01  9.572278023E+00
1.855762119E+01  9.650721550E+00
1.856869706E+01  1.024857712E+01
1.857977293E+01  1.067418861E+01
1.859084880E+01  1.051471233E+01
1.860192467E+01  1.004504776E+01
1.861300054E+01  1.002130032E+01
1.862407641E+01  1.010289669E+01
1.863515229E+01  1.092949009E+01
1.864622816E+01  1.135191917E+01
1.865730403E+01  1.194953823E+01
1.866837990E+01  1.141718674E+01
1.867945577E+01  1.129198837E+01
1.869053164E+01  1.196385384E+01
1.870160751E+01  1.277411270E+01
1.871268338E+01  1.353601933E+01
1.872375925E+01  1.466854572E+01
1.873483512E+01  1.599813557E+01
1.874591099E+01  1.678116417E+01
1.875698686E+01  1.792611504E+01
1.876806273E+01  1.919375992E+01
1.877913860E+01  2.066811943E+01
1.879021447E+01  2.140318871E+01
1.880129034E+01  2.224617004E+01
1.881236621E+01  2.272640038E+01
1.882344209E+01  2.391105652E+01
1.883451796E+01  2.436121750E+01
1.884559383E+01  2.519752502E+01
1.885666970E+01  2.537754250E+01
1.886774557E+01  2.663250542E+01
1.887882144E+01  2.780522919E+01
1.888989731E+01  3.026513672E+01
1.890097318E+01  3.174028969E+01
1.891204905E+01  3.308472824E+01
1.892312492E+01  3.312660599E+01
1.893420079E+01  3.389965057E+01
1.894527666E+01  3.356550598E+01
1.895635253E+01  3.402556610E+01
1.896742840E+01  3.349616241E+01
1.897850427E+01  3.309938431E+01
1.898958014E+01  3.262235641E+01
1.900065602E+01  3.238687134E+01
1.901173189E+01  3.156309891E+01
1.902280776E+01  3.109025764E+01
1.903388363E+01  2.997200775E+01
1.904495950E+01  2.908969879E+01
1.905603537E+01  2.842867661E+01
1.906711124E+01  2.842789459E+01
1.907818711E+01  2.837445068E+01
1.908926298E+01  2.868751907E+01
1.910033885E+01  2.790858459E+01
1.911141472E+01  2.746999931E+01
1.912249059E+01  2.664859390E+01
1.913356646E+01  2.649780655E+01
1.914464233E+01  2.528445816E+01
1.915571820E+01  2.480880737E+01
1.916679407E+01  2.417409706E+01
1.917786994E+01  2.382609177E+01
1.918894582E+01  2.332237625E+01
1.920002169E+01  2.321565056E+01
1.921109756E+01  2.293068695E+01
1.922217343E+01  2.275895309E+01
1.923324930E+01  2.200291061E+01
1.924432517E+01  2.164421463E+01
1.925540104E+01  2.024143219E+01
1.926647691E+01  1.946103859E+01
1.927755278E+01  1.873977852E+01
1.928862865E+01  1.805565453E+01
1.929970452E+01  1.678878021E+01
1.931078039E+01  1.546965313E+01
1.932185626E+01  1.443566704E+01
1.933293213E+01  1.371830940E+01
1.934400800E+01  1.285956764E+01
1.935508387E+01  1.208258820E+01
1.936615974E+01  1.019572544E+01
1.937723562E+01  9.405288696E+00
1.938831149E+01  9.030628204E+00
1.939938736E+01  9.058089256E+00
1.941046323E+01  9.139549255E+00
1.942153910E+01  8.938854218E+00
1.943261497E+01  8.192116737E+00
1.944369084E+01  6.987748623E+00
1.945476671E+01  6.608012199E+00
1.946584258E+01  5.968962193E+00
1.947691845E+01  6.214681149E+00
1.948799432E+01  6.846432209E+00
1.949907019E+01  7.964355469E+00
1.951014606E+01  8.823865891E+00
1.952122193E+01  9.208942413E+00
1.953229780E+01  9.006345749E+00
1.954337367E+01  9.411917686E+00
1.955444955E+01  9.085366249E+00
1.956552542E+01  9.655878067E+00
1.957660129E+01  9.585888863E+00
1.958767716E+01  1.056195068E+01
1.959875303E+01  1.015904140E+01
1.960982890E+01  1.114768791E+01
1.962090477E+01  1.136359978E+01
1.963198064E+01  1.316542816E+01
1.964305651E+01  1.339448547E+01
1.965413238E+01  1.469700718E+01
1.966520825E+01  1.456273079E+01
1.967628412E+01  1.528192329E+01
1.968735999E+01  1.443683434E+01
1.969843586E+01  1.489242649E+01
1.970951173E+01  1.436863136E+01
1.972058760E+01  1.502043629E+01
1.973166347E+01  1.459290886E+01
1.974273935E+01  1.569903088E+01
1.975381522E+01  1.537878132E+01
1.976489109E+01  1.676661682E+01
1.977596696E+01  1.686735153E+01
1.978704283E+01  1.725342369E+01
1.979811870E+01  1.699604797E+01
1.980919457E+01  1.789666176E+01
1.982027044E+01  1.790831375E+01
1.983134631E+01  1.877995491E+01
1.984242218E+01  1.769754410E+01
1.985349805E+01  1.823474121E+01
1.986457392E+01  1.864562988E+01
1.987564979E+01  1.953365898E+01
1.988672566E+01  1.892563057E+01
1.989780153E+01  1.918989944E+01
1.990887740E+01  1.861377525E+01
1.991995327E+01  1.916426277E+01
1.993102915E+01  1.908694267E+01
1.994210502E+01  1.983858299E+01
1.995318089E+01  1.946214294E+01
1.996425676E+01  1.988340759E+01
1.997533263E+01  1.889413643E+01
1.998640850E+01  1.887691879E+01
1.999748437E+01  1.849291992E+01
2.000856024E+01  1.918920326E+01
2.001963611E+01  1.918310356E+01
2.003071198E+01  2.056378937E+01
2.004178785E+01  2.089138412E+01
2.005286372E+01  2.187567711E+01
2.006393959E+01  2.217860794E+01
2.007501546E+01  2.266280746E+01
2.008609133E+01  2.177854729E+01
2.009716720E+01  2.174441910E+01
2.010824308E+01  2.127216911E+01
2.011931895E+01  2.147539902E+01
2.013039482E+01  2.087932777E+01
2.014147069E+01  2.032556915E+01
2.015254656E+01  1.843502617E+01
2.016362243E+01  1.785545158E+01
2.017469830E+01  1.657661819E+01
2.018577417E+01  1.649551964E+01
2.019685004E+01  1.610263443E+01
2.020792591E+01  1.651318359E+01
2.021900178E+01  1.643636322E+01
2.023007765E+01  1.676202011E+01
2.024115352E+01  1.543246841E+01
2.025222939E+01  1.518273067E+01
2.026330526E+01  1.409131908E+01
2.027438113E+01  1.344864368E+01
2.028545700E+01  1.255632973E+01
2.029653288E+01  1.279630947E+01
2.030760875E+01  1.160934353E+01
2.031868462E+01  1.087344074E+01
2.032976049E+01  9.971728325E+00
2.034083636E+01  1.003659821E+01
2.035191223E+01  9.498052597E+00
2.036298810E+01  9.094688416E+00
2.037406397E+01  8.977953911E+00
2.038513984E+01  9.415763855E+00
2.039621571E+01  9.203391075E+00
2.040729158E+01  9.722555161E+00
2.041836745E+01  9.829605103E+00
2.042944332E+01  1.069439507E+01
2.044051919E+01  1.044676590E+01
2.045159506E+01  1.037430859E+01
2.046267093E+01  9.140863419E+00
2.047374680E+01  8.873442650E+00
2.048482268E+01  7.640985489E+00
2.049589855E+01  7.675063610E+00
2.050697442E+01  7.312261105E+00
2.051805029E+01  7.739045620E+00
2.052912616E+01  7.542789936E+00
2.054020203E+01  7.657812119E+00
2.055127790E+01  7.778700352E+00
2.056235377E+01  8.385941505E+00
2.057342964E+01  7.311832428E+00
2.058450551E+01  6.776844978E+00
2.059558138E+01  5.514134884E+00
2.060665725E+01  4.852778912E+00
2.061773312E+01  3.864253759E+00
2.062880899E+01  4.030637741E+00
2.063988486E+01  3.987277985E+00
2.065096073E+01  4.657059193E+00
2.066203661E+01  4.269684315E+00
2.067311248E+01  3.829196453E+00
2.068418835E+01  2.949669123E+00
2.069526422E+01  2.465311050E+00
2.070634009E+01  1.982468605E+00
2.071741596E+01  1.734609246E+00
2.072849183E+01  1.907766819E+00
2.073956770E+01  2.750902891E+00
2.075064357E+01  2.406973600E+00
2.076171944E+01  2.441266775E+00
2.077279531E+01  2.403676987E+00
2.078387118E+01  2.273796558E+00
2.079494705E+01  1.338382483E+00
2.080602292E+01  9.836211205E-01
2.081709879E+01  1.023281455E+00
2.082817466E+01  1.453140974E+00
2.083925053E+01  1.845301747E+00
2.085032641E+01  2.136060476E+00
2.086140228E+01  2.089557648E+00
2.087247815E+01  2.618597746E+00
2.088355402E+01  2.914302588E+00
2.089462989E+01  3.859937668E+00
2.090570576E+01  3.929343939E+00
2.091678163E+01  4.094640255E+00
2.092785750E+01  3.576928139E+00
2.093893337E+01  3.498349190E+00
2.095000924E+01  3.198436975E+00
2.096108511E+01  2.903235674E+00
2.097216098E+01  1.752315044E+00
2.098323685E+01  1.569669724E+00
2.099431272E+01  1.495205045E+00
2.100538859E+01  1.831548095E+00
2.101646446E+01  2.056143284E+00
2.102754033E+01  2.195902348E+00
2.103861621E+01  2.052458763E+00
2.104969208E+01  1.775103092E+00
2.106076795E+01  9.000671506E-01
2.107184382E+01  3.149105012E-01
2.108291969E+01  -4.191147387E-01
2.109399556E+01  -2.280147523E-01
2.110507143E+01  -6.612478495E-01
2.111614730E+01  -1.166757345E-01
2.112722317E+01  -2.282372862E-01
2.113829904E+01  -8.504573256E-02
2.114937491E+01  -6.019859314E-01
2.116045078E+01  2.774405107E-02
2.117152665E+01  -6.102901697E-02
2.118260252E+01  2.899647057E-01
2.119367839E+01  3.212391436E-01
2.120475426E+01  6.088750362E-01
2.121583014E+01  1.842595935E-01
2.122690601E+01  -2.766776364E-03
2.123798188E+01  -7.037894130E-01
2.124905775E+01  -3.496734202E-01
2.126013362E+01  4.215051532E-01
