4.314051599E+00  -1.184297353E-01
4.325127469E+00  2.175444067E-01
4.336203340E+00  3.184646741E-02
4.347279211E+00  -9.742313623E-02
4.358355081E+00  3.636300266E-01
4.369430952E+00  -2.860612869E-01
4.380506822E+00  1.448689103E+00
4.391582693E+00  7.081173062E-01
4.402658564E+00  2.341690302E+00
4.413734434E+00  2.020920038E+00
4.424810305E+00  3.348553896E+00
4.435886175E+00  4.422314167E+00
4.446962046E+00  4.834463120E+00
4.458037917E+00  6.501574993E+00
4.469113787E+00  6.418463707E+00
4.480189658E+00  8.088546753E+00
4.491265528E+00  7.646235466E+00
4.502341399E+00  9.423697472E+00
4.513417270E+00  9.399563789E+00
4.524493140E+00  9.418301582E+00
4.535569011E+00  8.651066780E+00
4.546644881E+00  7.133970261E+00
4.557720752E+00  7.071990013E+00
4.568796623E+00  4.991913319E+00
4.579872493E+00  5.975139141E+00
4.590948364E+00  5.350667953E+00
4.602024234E+00  6.759959698E+00
4.613100105E+00  7.309245110E+00
4.624175976E+00  8.441313744E+00
4.635251846E+00  9.496507645E+00
4.646327717E+00  8.874547005E+00
4.657403587E+00  1.042255402E+01
4.668479458E+00  8.852259636E+00
4.679555329E+00  1.047838020E+01
4.690631199E+00  9.576022148E+00
4.701707070E+00  1.028996563E+01
4.712782941E+00  9.776875496E+00
4.723858811E+00  9.365453720E+00
4.734934682E+00  1.033451653E+01
4.746010552E+00  1.019059086E+01
4.757086423E+00  1.337458611E+01
4.768162294E+00  1.341976929E+01
4.779238164E+00  1.501756763E+01
4.790314035E+00  1.333142757E+01
4.801389905E+00  1.334045410E+01
4.812465776E+00  1.253778458E+01
4.823541647E+00  1.266741943E+01
4.834617517E+00  1.333396912E+01
4.845693388E+00  1.291782475E+01
4.856769258E+00  1.415377617E+01
4.867845129E+00  1.344607639E+01
4.878921000E+00  1.410233593E+01
4.889996870E+00  1.366384125E+01
4.901072741E+00  1.333646297E+01
4.912148611E+00  1.299724579E+01
4.923224482E+00  1.129425907E+01
4.934300353E+00  1.100010586E+01
4.945376223E+00  1.016719532E+01
4.956452094E+00  1.152251053E+01
4.967527964E+00  1.117194939E+01
4.978603835E+00  1.269797421E+01
4.989679706E+00  1.394452286E+01
5.000755576E+00  1.500833225E+01
5.011831447E+00  1.586991978E+01
5.022907317E+00  1.490395069E+01
5.033983188E+00  1.500155354E+01
5.045059059E+00  1.341065121E+01
5.056134929E+00  1.375072193E+01
5.067210800E+00  1.254710960E+01
5.078286670E+00  1.264129353E+01
5.089362541E+00  1.243625736E+01
5.100438412E+00  1.152673149E+01
5.111514282E+00  1.199802876E+01
5.122590153E+00  1.182106304E+01
5.133666023E+00  1.383562469E+01
5.144741894E+00  1.300771427E+01
5.155817765E+00  1.457431316E+01
5.166893635E+00  1.394549274E+01
5.177969506E+00  1.431085396E+01
5.189045376E+00  1.484303093E+01
5.200121247E+00  1.411736298E+01
5.211197118E+00  1.388875771E+01
5.222272988E+00  1.178871250E+01
5.233348859E+00  1.212402248E+01
5.244424729E+00  1.045478725E+01
5.255500600E+00  1.169646072E+01
5.266576471E+00  1.129990768E+01
5.277652341E+00  1.217046928E+01
5.288728212E+00  1.275817871E+01
5.299804082E+00  1.349244881E+01
5.310879953E+00  1.444845390E+01
5.321955824E+00  1.395321369E+01
5.333031694E+00  1.397242737E+01
5.344107565E+00  1.425451851E+01
5.355183435E+00  1.532795048E+01
5.366259306E+00  1.485339260E+01
5.377335177E+00  1.397943783E+01
5.388411047E+00  1.297516441E+01
5.399486918E+00  1.153421688E+01
5.410562788E+00  1.116530228E+01
5.421638659E+00  9.157156944E+00
5.432714530E+00  9.555230141E+00
5.443790400E+00  9.364685059E+00
5.454866271E+00  9.689557076E+00
5.465942141E+00  1.010775185E+01
5.477018012E+00  1.054702473E+01
5.488093883E+00  1.183221531E+01
5.499169753E+00  1.142878056E+01
5.510245624E+00  1.127079868E+01
5.521321494E+00  9.712746620E+00
5.532397365E+00  1.062337303E+01
5.543473236E+00  1.083272266E+01
5.554549106E+00  1.134600067E+01
5.565624977E+00  1.179120541E+01
5.576700847E+00  1.175738621E+01
5.587776718E+00  1.213961315E+01
5.598852589E+00  1.020831680E+01
5.609928459E+00  1.097634888E+01
5.621004330E+00  9.500748634E+00
5.632080200E+00  1.021867275E+01
5.643156071E+00  8.725968361E+00
5.654231942E+00  8.158515930E+00
5.665307812E+00  7.673313618E+00
5.676383683E+00  6.758289337E+00
5.687459553E+00  7.571416378E+00
5.698535424E+00  6.874061584E+00
5.709611295E+00  8.169170380E+00
5.720687165E+00  7.284400463E+00
5.731763036E+00  8.249680519E+00
5.742838906E+00  7.143528938E+00
5.753914777E+00  6.379919052E+00
5.764990648E+00  6.054593086E+00
5.776066518E+00  5.518180370E+00
5.787142389E+00  6.845929146E+00
5.798218259E+00  6.429986954E+00
5.809294130E+00  7.150424957E+00
5.820370001E+00  6.621818542E+00
5.831445871E+00  6.435312748E+00
5.842521742E+00  6.267143726E+00
5.853597612E+00  5.821630001E+00
5.864673483E+00  6.525021553E+00
5.875749354E+00  5.632799149E+00
5.886825224E+00  5.970150471E+00
5.897901095E+00  4.812831879E+00
5.908976965E+00  6.539387226E+00
5.920052836E+00  7.338180542E+00
5.931128707E+00  8.670161247E+00
5.942204577E+00  9.129828453E+00
5.953280448E+00  9.177406311E+00
5.964356318E+00  9.866627693E+00
5.975432189E+00  8.277957916E+00
5.986508060E+00  8.719649315E+00
5.997583930E+00  6.984205723E+00
6.008659801E+00  6.859370232E+00
6.019735671E+00  4.743846416E+00
6.030811542E+00  4.259847641E+00
6.041887413E+00  4.642989159E+00
6.052963283E+00  4.297705173E+00
6.064039154E+00  5.700451374E+00
6.075115024E+00  4.926554680E+00
6.086190895E+00  5.343943596E+00
6.097266766E+00  4.064804077E+00
6.108342636E+00  5.176295280E+00
6.119418507E+00  4.754219532E+00
6.130494377E+00  4.635362148E+00
6.141570248E+00  5.209849834E+00
6.152646119E+00  4.607429504E+00
6.163721989E+00  5.171346188E+00
6.174797860E+00  4.220916271E+00
6.185873730E+00  5.649670601E+00
6.196949601E+00  5.957219601E+00
6.208025472E+00  7.409526348E+00
6.219101342E+00  8.291597366E+00
6.230177213E+00  8.100837708E+00
6.241253083E+00  8.318907738E+00
6.252328954E+00  7.206640244E+00
6.263404825E+00  7.618007660E+00
6.274480695E+00  5.618654251E+00
6.285556566E+00  6.644707680E+00
6.296632436E+00  5.242893219E+00
6.307708307E+00  5.742041588E+00
6.318784178E+00  4.783608913E+00
6.329860048E+00  4.503927231E+00
6.340935919E+00  3.813622713E+00
6.352011789E+00  2.438632965E+00
6.363087660E+00  3.008097410E+00
6.374163531E+00  2.690222025E+00
6.385239401E+00  4.710589409E+00
6.396315272E+00  4.660021305E+00
6.407391142E+00  5.959299564E+00
6.418467013E+00  5.560216904E+00
6.429542884E+00  5.808245659E+00
6.440618754E+00  6.148108006E+00
6.451694625E+00  6.596305847E+00
6.462770495E+00  7.855381012E+00
6.473846366E+00  7.983714581E+00
6.484922237E+00  8.725360870E+00
6.495998107E+00  7.312290668E+00
6.507073978E+00  6.676554203E+00
6.518149848E+00  5.829425812E+00
6.529225719E+00  4.901324272E+00
6.540301590E+00  3.750697613E+00
6.551377460E+00  3.458652020E+00
6.562453331E+00  5.110323429E+00
6.573529201E+00  5.588211060E+00
6.584605072E+00  6.831456184E+00
6.595680943E+00  6.386011600E+00
6.606756813E+00  5.835060596E+00
6.617832684E+00  4.947210312E+00
6.628908554E+00  4.671364307E+00
6.639984425E+00  5.093754292E+00
6.651060296E+00  6.030589104E+00
6.662136166E+00  8.319315910E+00
6.673212037E+00  8.608778954E+00
6.684287907E+00  1.130074883E+01
6.695363778E+00  1.234423637E+01
6.706439649E+00  1.509998703E+01
6.717515519E+00  1.798868179E+01
6.728591390E+00  2.140670204E+01
6.739667260E+00  2.613372803E+01
6.750743131E+00  3.255282593E+01
6.761819002E+00  4.289141846E+01
6.772894872E+00  5.480356216E+01
6.783970743E+00  7.117901611E+01
6.795046613E+00  9.240131378E+01
6.806122484E+00  1.109920502E+02
6.817198355E+00  1.282272034E+02
6.828274225E+00  1.381176147E+02
6.839350096E+00  1.466387024E+02
6.850425966E+00  1.434352264E+02
6.861501837E+00  1.332770233E+02
6.872577708E+00  1.130477142E+02
6.883653578E+00  8.906208038E+01
6.894729449E+00  6.716172791E+01
6.905805319E+00  5.281401825E+01
6.916881190E+00  3.978170013E+01
6.927957061E+00  3.215259552E+01
6.939032931E+00  2.597486115E+01
6.950108802E+00  2.156946754E+01
6.961184672E+00  1.943402290E+01
6.972260543E+00  1.666195869E+01
6.983336414E+00  1.518008232E+01
6.994412284E+00  1.324576187E+01
7.005488155E+00  1.217068958E+01
7.016564025E+00  1.156526089E+01
7.027639896E+00  1.049885845E+01
7.038715767E+00  9.712739944E+00
7.049791637E+00  7.178753376E+00
7.060867508E+00  7.029638290E+00
7.071943378E+00  5.441714287E+00
7.083019249E+00  5.505609989E+00
7.094095120E+00  5.107976437E+00
7.105170990E+00  5.545012474E+00
7.116246861E+00  6.189702511E+00
7.127322731E+00  6.198114872E+00
7.138398602E+00  5.799806595E+00
7.149474473E+00  4.676608086E+00
7.160550343E+00  4.791848660E+00
7.171626214E+00  4.446262360E+00
7.182702084E+00  5.056552410E+00
7.193777955E+00  3.850584269E+00
7.204853826E+00  3.127027035E+00
7.215929696E+00  2.585919619E+00
7.227005567E+00  2.363462687E+00
7.238081437E+00  2.926425457E+00
7.249157308E+00  2.247928381E+00
7.260233179E+00  2.823922396E+00
7.271309049E+00  1.726166129E+00
7.282384920E+00  1.776787877E+00
7.293460790E+00  2.306706905E+00
7.304536661E+00  2.889643192E+00
7.315612532E+00  3.334913969E+00
7.326688402E+00  2.556940794E+00
7.337764273E+00  2.961968899E+00
7.348840143E+00  2.702215672E+00
7.359916014E+00  3.930144310E+00
7.370991885E+00  3.682862520E+00
7.382067755E+00  4.800700665E+00
7.393143626E+00  4.074307442E+00
7.404219496E+00  4.022358894E+00
7.415295367E+00  4.724688053E+00
7.426371238E+00  4.263203144E+00
7.437447108E+00  4.065270424E+00
7.448522979E+00  3.187771797E+00
7.459598849E+00  3.475552559E+00
7.470674720E+00  2.826923370E+00
7.481750591E+00  3.767756939E+00
7.492826461E+00  4.068309784E+00
7.503902332E+00  4.821101189E+00
7.514978202E+00  4.995358944E+00
7.526054073E+00  4.376470089E+00
7.537129944E+00  4.639346600E+00
7.548205814E+00  4.544103622E+00
7.559281685E+00  5.538720131E+00
7.570357555E+00  4.176153660E+00
7.581433426E+00  5.218709469E+00
7.592509297E+00  5.182964325E+00
7.603585167E+00  4.999065876E+00
7.614661038E+00  3.926629305E+00
7.625736908E+00  2.621384621E+00
7.636812779E+00  2.129562855E+00
7.647888650E+00  1.112628579E+00
7.658964520E+00  2.110706091E+00
7.670040391E+00  1.147195220E+00
7.681116261E+00  2.577403069E+00
7.692192132E+00  2.975752115E+00
7.703268003E+00  4.404090405E+00
7.714343873E+00  4.595164299E+00
7.725419744E+00  3.977275133E+00
7.736495614E+00  4.096034050E+00
7.747571485E+00  3.194439650E+00
7.758647356E+00  3.382189751E+00
7.769723226E+00  1.920593739E+00
7.780799097E+00  2.644691944E+00
7.791874967E+00  1.986449003E+00
7.802950838E+00  2.924217224E+00
7.814026709E+00  3.964060307E+00
7.825102579E+00  4.033063412E+00
7.836178450E+00  5.476525784E+00
7.847254320E+00  4.908914089E+00
7.858330191E+00  5.950677395E+00
7.869406062E+00  4.726784706E+00
7.880481932E+00  5.637718678E+00
7.891557803E+00  4.338237286E+00
7.902633673E+00  4.638740540E+00
7.913709544E+00  4.553854942E+00
7.924785415E+00  4.388125896E+00
7.935861285E+00  3.495419264E+00
7.946937156E+00  2.608386517E+00
7.958013026E+00  2.461636543E+00
7.969088897E+00  2.506455421E+00
7.980164768E+00  3.423379898E+00
7.991240638E+00  3.691900730E+00
8.002316509E+00  4.271003246E+00
8.013392379E+00  4.220750809E+00
8.024468250E+00  4.772840023E+00
8.035544121E+00  5.566929817E+00
8.046619991E+00  5.449347019E+00
8.057695862E+00  6.234926224E+00
8.068771732E+00  6.475811481E+00
8.079847603E+00  7.298000336E+00
8.090923474E+00  6.790262699E+00
8.101999344E+00  7.825549603E+00
8.113075215E+00  7.598104477E+00
8.124151085E+00  7.366869450E+00
8.135226956E+00  7.415203094E+00
8.146302827E+00  7.827126503E+00
8.157378697E+00  9.675552368E+00
8.168454568E+00  1.053693485E+01
8.179530438E+00  1.312799168E+01
8.190606309E+00  1.441592693E+01
8.201682180E+00  1.767751884E+01
8.212758050E+00  1.943429375E+01
8.223833921E+00  1.985060883E+01
8.234909791E+00  1.836510468E+01
8.245985662E+00  1.592021465E+01
8.257061533E+00  1.336864853E+01
8.268137403E+00  1.066687489E+01
8.279213274E+00  9.768801689E+00
8.290289144E+00  7.946206570E+00
8.301365015E+00  7.743452072E+00
8.312440886E+00  5.539861202E+00
8.323516756E+00  4.876622200E+00
8.334592627E+00  3.725466251E+00
8.345668497E+00  3.317523241E+00
8.356744368E+00  3.019788027E+00
8.367820239E+00  3.088782072E+00
8.378896109E+00  3.164205074E+00
8.389971980E+00  2.780654669E+00
8.401047850E+00  3.962719202E+00
8.412123721E+00  4.010621548E+00
8.423199592E+00  4.608374119E+00
8.434275462E+00  4.674608707E+00
8.445351333E+00  4.984281540E+00
8.456427203E+00  4.183074951E+00
8.467503074E+00  2.849657774E+00
8.478578945E+00  2.717116356E+00
8.489654815E+00  1.294052005E+00
8.500730686E+00  1.491898179E+00
8.511806556E+00  5.746287107E-01
8.522882427E+00  1.212346554E+00
8.533958298E+00  9.800632596E-01
8.545034168E+00  8.127771020E-01
8.556110039E+00  1.446757555E+00
8.567185909E+00  1.712391853E+00
8.578261780E+00  2.842169046E+00
8.589337651E+00  2.908545732E+00
8.600413521E+00  4.331270695E+00
8.611489392E+00  3.365910769E+00
8.622565262E+00  3.833220243E+00
8.633641133E+00  2.978028536E+00
8.644717004E+00  3.480225801E+00
8.655792874E+00  2.919119596E+00
8.666868745E+00  3.602047443E+00
8.677944615E+00  3.949264050E+00
8.689020486E+00  4.269333839E+00
8.700096357E+00  5.309177876E+00
8.711172227E+00  5.383591652E+00
8.722248098E+00  7.442994118E+00
8.733323968E+00  9.533509254E+00
8.744399839E+00  1.235019112E+01
8.755475710E+00  1.509236908E+01
8.766551580E+00  1.918666840E+01
8.777627451E+00  2.304458427E+01
8.788703321E+00  2.765073013E+01
8.799779192E+00  3.326279831E+01
8.810855063E+00  4.114824295E+01
8.821930933E+00  5.041547012E+01
8.833006804E+00  6.169656754E+01
8.844082674E+00  7.704683685E+01
8.855158545E+00  1.093439789E+02
8.866234416E+00  1.599632416E+02
8.877310286E+00  2.108533783E+02
8.888386157E+00  2.549852295E+02
8.899462027E+00  2.723240051E+02
8.910537898E+00  2.661530762E+02
8.921613769E+00  2.326195068E+02
8.932689639E+00  1.839287872E+02
8.943765510E+00  1.380883942E+02
8.954841380E+00  9.358182526E+01
8.965917251E+00  6.599848175E+01
8.976993122E+00  4.592173004E+01
8.988068992E+00  3.370180511E+01
8.999144863E+00  2.636618614E+01
9.010220733E+00  2.057856750E+01
9.021296604E+00  1.722018242E+01
9.032372475E+00  1.301905346E+01
9.043448345E+00  1.120210552E+01
9.054524216E+00  9.513715744E+00
9.065600086E+00  1.000550365E+01
9.076675957E+00  9.359093666E+00
9.087751828E+00  9.528439522E+00
9.098827698E+00  1.018074989E+01
9.109903569E+00  9.769722939E+00
9.120979439E+00  1.006313896E+01
9.132055310E+00  9.941686630E+00
9.143131181E+00  1.194925594E+01
9.154207051E+00  1.281246853E+01
9.165282922E+00  1.565735149E+01
9.176358792E+00  1.766107178E+01
9.187434663E+00  2.086626816E+01
9.198510534E+00  2.584584236E+01
9.209586404E+00  3.256172943E+01
9.220662275E+00  4.028028870E+01
9.231738145E+00  4.981756973E+01
9.242814016E+00  6.380063248E+01
9.253889887E+00  8.022775269E+01
9.264965757E+00  1.070501938E+02
9.276041628E+00  1.354435883E+02
9.287117498E+00  1.751798401E+02
9.298193369E+00  2.149264069E+02
9.309269240E+00  2.433765564E+02
9.320345110E+00  2.557876587E+02
9.331420981E+00  2.439907074E+02
9.342496851E+00  2.096059570E+02
9.353572722E+00  1.713001709E+02
9.364648593E+00  1.369331055E+02
9.375724463E+00  1.072291412E+02
9.386800334E+00  8.641994476E+01
9.397876205E+00  6.930835724E+01
9.408952075E+00  5.655952454E+01
9.420027946E+00  4.531721497E+01
9.431103816E+00  3.627755356E+01
9.442179687E+00  2.959393692E+01
9.453255558E+00  2.492024803E+01
9.464331428E+00  2.252925110E+01
9.475407299E+00  1.924644661E+01
9.486483169E+00  1.770615959E+01
9.497559040E+00  1.632408905E+01
9.508634911E+00  1.577434635E+01
9.519710781E+00  1.627816200E+01
9.530786652E+00  1.695067978E+01
9.541862522E+00  1.829327202E+01
9.552938393E+00  1.915813828E+01
9.564014264E+00  2.156678772E+01
9.575090134E+00  2.366035461E+01
9.586166005E+00  2.746913147E+01
9.597241875E+00  2.948520470E+01
9.608317746E+00  3.210177994E+01
9.619393617E+00  3.244375229E+01
9.630469487E+00  3.241653824E+01
9.641545358E+00  2.986341667E+01
9.652621228E+00  2.560350227E+01
9.663697099E+00  2.125558662E+01
9.674772970E+00  1.658752060E+01
9.685848840E+00  1.387154579E+01
9.696924711E+00  1.098965073E+01
9.708000581E+00  9.865574837E+00
9.719076452E+00  7.825647354E+00
9.730152323E+00  6.150427818E+00
9.741228193E+00  4.465694427E+00
9.752304064E+00  2.781018496E+00
9.763379934E+00  2.592549562E+00
9.774455805E+00  1.853473306E+00
9.785531676E+00  2.179945230E+00
9.796607546E+00  1.172501922E+00
9.807683417E+00  1.857222915E+00
9.818759287E+00  9.725970030E-01
9.829835158E+00  1.019814491E+00
9.840911029E+00  8.169670105E-01
9.851986899E+00  7.759031653E-01
9.863062770E+00  3.099434376E-01
9.874138640E+00  8.864083141E-02
9.885214511E+00  1.535095572E+00
9.896290382E+00  2.341092110E+00
9.907366252E+00  3.862727880E+00
9.918442123E+00  2.781914234E+00
9.929517993E+00  3.452566147E+00
9.940593864E+00  2.771818638E+00
9.951669735E+00  4.065036297E+00
9.962745605E+00  4.389402390E+00
9.973821476E+00  5.124616623E+00
9.984897346E+00  5.517084599E+00
9.995973217E+00  5.287827492E+00
1.000704909E+01  4.630651474E+00
1.001812496E+01  3.236561775E+00
1.002920083E+01  2.968199015E+00
1.004027670E+01  1.853249669E+00
1.005135257E+01  2.178926706E+00
1.006242844E+01  1.747951508E+00
1.007350431E+01  2.071546316E+00
1.008458018E+01  2.627734900E+00
1.009565605E+01  3.189833879E+00
1.010673192E+01  3.220860958E+00
1.011780779E+01  1.797484994E+00
1.012888366E+01  7.532148361E-01
1.013995953E+01  -2.361525893E-01
1.015103541E+01  3.814167157E-02
1.016211128E+01  -7.224649787E-01
1.017318715E+01  7.040970922E-01
1.018426302E+01  7.818430066E-01
1.019533889E+01  1.699276924E+00
1.020641476E+01  1.323615432E+00
1.021749063E+01  1.783062816E+00
1.022856650E+01  1.353528976E+00
1.023964237E+01  1.290905595E+00
1.025071824E+01  1.154184699E+00
1.026179411E+01  9.156889915E-01
1.027286998E+01  1.620738983E+00
1.028394585E+01  1.796710610E+00
1.029502172E+01  2.503327608E+00
1.030609759E+01  2.183248281E+00
1.031717346E+01  3.454910517E+00
1.032824933E+01  4.579085350E+00
1.033932521E+01  6.161757946E+00
1.035040108E+01  6.888622761E+00
1.036147695E+01  8.534240723E+00
1.037255282E+01  1.058496380E+01
1.038362869E+01  1.166422558E+01
1.039470456E+01  1.280354023E+01
1.040578043E+01  1.266112804E+01
1.041685630E+01  1.335529041E+01
1.042793217E+01  1.361980534E+01
1.043900804E+01  1.564303970E+01
1.045008391E+01  1.654389763E+01
1.046115978E+01  1.750049019E+01
1.047223565E+01  1.849499702E+01
1.048331152E+01  1.953132820E+01
1.049438739E+01  2.038463211E+01
1.050546326E+01  1.983554840E+01
1.051653914E+01  1.953177643E+01
1.052761501E+01  1.818950272E+01
1.053869088E+01  1.701782227E+01
1.054976675E+01  1.594886017E+01
1.056084262E+01  1.517755127E+01
1.057191849E+01  1.420437336E+01
1.058299436E+01  1.271766853E+01
1.059407023E+01  1.078297520E+01
1.060514610E+01  8.750132561E+00
1.061622197E+01  7.130354404E+00
1.062729784E+01  6.592082500E+00
1.063837371E+01  6.099654675E+00
1.064944958E+01  6.113746166E+00
1.066052545E+01  6.591615200E+00
1.067160132E+01  6.532510281E+00
1.068267719E+01  6.211193562E+00
1.069375306E+01  5.730795383E+00
1.070482894E+01  5.202259064E+00
1.071590481E+01  4.201738834E+00
1.072698068E+01  3.613249302E+00
1.073805655E+01  3.578619003E+00
1.074913242E+01  3.971244097E+00
1.076020829E+01  3.875825167E+00
1.077128416E+01  4.055896759E+00
1.078236003E+01  3.758148193E+00
1.079343590E+01  3.840354204E+00
1.080451177E+01  3.302258253E+00
1.081558764E+01  3.094532251E+00
1.082666351E+01  2.342410564E+00
1.083773938E+01  1.433213234E+00
1.084881525E+01  6.816297770E-01
1.085989112E+01  2.552027069E-02
1.087096699E+01  -1.582892239E-01
1.088204286E+01  -1.488550007E-01
1.089311874E+01  -7.386476547E-02
1.090419461E+01  -2.983095646E-01
1.091527048E+01  -1.724084914E-01
1.092634635E+01  -4.536058903E-01
1.093742222E+01  -1.533730328E-01
1.094849809E+01  -3.879162371E-01
1.095957396E+01  4.503143430E-01
1.097064983E+01  4.738747180E-01
1.098172570E+01  1.801913738E+00
1.099280157E+01  1.654533744E+00
1.100387744E+01  1.883063674E+00
1.101495331E+01  2.379482746E+00
1.102602918E+01  3.065189838E+00
1.103710505E+01  4.010511398E+00
1.104818092E+01  3.880255699E+00
1.105925679E+01  4.105834484E+00
1.107033267E+01  2.736335039E+00
1.108140854E+01  2.486983538E+00
1.109248441E+01  1.870613694E+00
1.110356028E+01  2.796910048E+00
1.111463615E+01  2.891133785E+00
1.112571202E+01  3.799542665E+00
1.113678789E+01  3.674009085E+00
1.114786376E+01  3.839867830E+00
1.115893963E+01  3.199968815E+00
1.117001550E+01  2.537165642E+00
1.118109137E+01  1.800328612E+00
1.119216724E+01  8.780241609E-01
1.120324311E+01  6.455132961E-01
1.121431898E+01  4.762255251E-01
1.122539485E+01  9.518421292E-01
1.123647072E+01  7.435214520E-01
1.124754659E+01  1.077597380E+00
1.125862247E+01  8.475174308E-01
1.126969834E+01  5.287604332E-01
1.128077421E+01  7.189967632E-01
1.129185008E+01  3.442659676E-01
1.130292595E+01  1.944985688E-01
1.131400182E+01  8.757908642E-02
1.132507769E+01  8.066016436E-01
1.133615356E+01  5.730146766E-01
1.134722943E+01  1.382558465E+00
1.135830530E+01  1.201554298E+00
1.136938117E+01  1.729721785E+00
1.138045704E+01  2.238069773E+00
1.139153291E+01  1.748217463E+00
1.140260878E+01  1.179367542E+00
1.141368465E+01  5.098050237E-01
1.142476052E+01  7.884939313E-01
1.143583639E+01  9.912789464E-01
1.144691227E+01  1.506114721E+00
1.145798814E+01  9.698581696E-01
1.146906401E+01  1.718952060E+00
1.148013988E+01  2.114254236E+00
1.149121575E+01  3.458884716E+00
1.150229162E+01  3.639094114E+00
1.151336749E+01  4.150632858E+00
1.152444336E+01  3.894524574E+00
1.153551923E+01  4.063788414E+00
1.154659510E+01  3.273441792E+00
1.155767097E+01  2.897170782E+00
1.156874684E+01  2.326242208E+00
1.157982271E+01  1.530415773E+00
1.159089858E+01  7.149276733E-01
1.160197445E+01  5.317932367E-01
1.161305032E+01  1.142063856E+00
1.162412620E+01  1.611578345E+00
1.163520207E+01  1.717360020E+00
1.164627794E+01  1.860335946E+00
1.165735381E+01  1.320586443E+00
1.166842968E+01  1.618673205E+00
1.167950555E+01  2.269300938E+00
1.169058142E+01  3.244086504E+00
1.170165729E+01  3.644776344E+00
1.171273316E+01  4.024291515E+00
1.172380903E+01  3.573007345E+00
1.173488490E+01  4.074074268E+00
1.174596077E+01  3.491065979E+00
1.175703664E+01  4.374350071E+00
1.176811251E+01  4.315556526E+00
1.177918838E+01  5.165960789E+00
1.179026425E+01  5.524520874E+00
1.180134012E+01  6.045373440E+00
1.181241600E+01  6.611782074E+00
1.182349187E+01  7.193070889E+00
1.183456774E+01  8.493185043E+00
1.184564361E+01  9.552008629E+00
1.185671948E+01  1.151782322E+01
1.186779535E+01  1.332822037E+01
1.187887122E+01  1.730824089E+01
1.188994709E+01  2.268124199E+01
1.190102296E+01  2.823820496E+01
1.191209883E+01  3.769882584E+01
1.192317470E+01  4.202327347E+01
1.193425057E+01  4.860079956E+01
1.194532644E+01  4.882796860E+01
1.195640231E+01  4.510219955E+01
1.196747818E+01  3.763110352E+01
1.197855405E+01  3.249799728E+01
1.198962993E+01  2.574678802E+01
1.200070580E+01  2.267014503E+01
1.201178167E+01  1.782331085E+01
1.202285754E+01  1.464482689E+01
1.203393341E+01  1.059995842E+01
1.204500928E+01  8.729652405E+00
1.205608515E+01  7.137594223E+00
1.206716102E+01  6.199191093E+00
1.207823689E+01  5.324878216E+00
1.208931276E+01  4.936681747E+00
1.210038863E+01  4.722977161E+00
1.211146450E+01  4.706361771E+00
1.212254037E+01  4.541139603E+00
1.213361624E+01  3.704482317E+00
1.214469211E+01  3.666351080E+00
1.215576798E+01  2.777558327E+00
1.216684385E+01  2.344352245E+00
1.217791973E+01  1.814451456E+00
1.218899560E+01  2.071967125E+00
1.220007147E+01  2.323754787E+00
1.221114734E+01  2.213794708E+00
1.222222321E+01  2.563791752E+00
1.223329908E+01  2.717536211E+00
1.224437495E+01  3.299936771E+00
1.225545082E+01  2.829324484E+00
1.226652669E+01  3.246506929E+00
1.227760256E+01  3.210787535E+00
1.228867843E+01  4.147573471E+00
1.229975430E+01  4.469445229E+00
1.231083017E+01  5.121811390E+00
1.232190604E+01  5.970602512E+00
1.233298191E+01  6.447293282E+00
1.234405778E+01  7.398266315E+00
1.235513365E+01  8.361057281E+00
1.236620953E+01  1.028933334E+01
1.237728540E+01  1.200918865E+01
1.238836127E+01  1.439846992E+01
1.239943714E+01  1.642144012E+01
1.241051301E+01  1.932824707E+01
1.242158888E+01  2.131861687E+01
1.243266475E+01  2.321946526E+01
1.244374062E+01  2.320548630E+01
1.245481649E+01  2.175336838E+01
1.246589236E+01  1.902692986E+01
1.247696823E+01  1.628385925E+01
1.248804410E+01  1.331223965E+01
1.249911997E+01  1.096240520E+01
1.251019584E+01  9.619114876E+00
1.252127171E+01  8.238661766E+00
1.253234758E+01  7.972771645E+00
1.254342346E+01  6.716581345E+00
1.255449933E+01  5.790155888E+00
1.256557520E+01  4.470473289E+00
1.257665107E+01  3.674162149E+00
1.258772694E+01  3.806748629E+00
1.259880281E+01  3.786702871E+00
1.260987868E+01  4.123199463E+00
1.262095455E+01  4.358500481E+00
1.263203042E+01  5.273767948E+00
1.264310629E+01  4.937525749E+00
1.265418216E+01  4.694918156E+00
1.266525803E+01  3.440659761E+00
1.267633390E+01  3.425433159E+00
1.268740977E+01  2.621490240E+00
1.269848564E+01  3.024287939E+00
1.270956151E+01  2.431664467E+00
1.272063738E+01  1.708976984E+00
1.273171326E+01  9.678118229E-01
1.274278913E+01  8.417489380E-02
1.275386500E+01  1.340384334E-01
1.276494087E+01  3.087471128E-01
1.277601674E+01  3.078406453E-01
1.278709261E+01  -6.773031354E-01
1.279816848E+01  -9.555331469E-01
1.280924435E+01  -1.392443538E+00
1.282032022E+01  -6.879611015E-01
1.283139609E+01  -1.191896558E+00
1.284247196E+01  -9.555803537E-01
1.285354783E+01  -1.598195553E+00
1.286462370E+01  -1.268569231E+00
1.287569957E+01  -7.247627378E-01
1.288677544E+01  4.571881592E-01
1.289785131E+01  1.902072430E+00
1.290892718E+01  2.480546951E+00
1.292000306E+01  2.805475473E+00
1.293107893E+01  2.600334644E+00
1.294215480E+01  3.190671206E+00
1.295323067E+01  3.242747068E+00
1.296430654E+01  3.664663076E+00
1.297538241E+01  3.377599001E+00
1.298645828E+01  4.252457619E+00
1.299753415E+01  5.476686001E+00
1.300861002E+01  7.295852661E+00
1.301968589E+01  1.024899673E+01
1.303076176E+01  1.341008472E+01
1.304183763E+01  1.726789093E+01
1.305291350E+01  1.974394035E+01
1.306398937E+01  2.264197540E+01
1.307506524E+01  2.382287216E+01
1.308614111E+01  2.541583061E+01
1.309721699E+01  2.615223503E+01
1.310829286E+01  2.926713562E+01
1.311936873E+01  3.202635193E+01
1.313044460E+01  3.586844254E+01
1.314152047E+01  4.148794174E+01
1.315259634E+01  4.450445175E+01
1.316367221E+01  4.863009644E+01
1.317474808E+01  4.957333755E+01
1.318582395E+01  4.891581345E+01
1.319689982E+01  4.328187943E+01
1.320797569E+01  3.745568466E+01
1.321905156E+01  2.901665497E+01
1.323012743E+01  2.347292900E+01
1.324120330E+01  1.815331650E+01
1.325227917E+01  1.554580212E+01
1.326335504E+01  1.238884449E+01
1.327443091E+01  1.136694527E+01
1.328550679E+01  1.040690041E+01
1.329658266E+01  1.020441628E+01
1.330765853E+01  1.035863018E+01
1.331873440E+01  1.092533016E+01
1.332981027E+01  1.240377045E+01
1.334088614E+01  1.446494293E+01
1.335196201E+01  1.852701569E+01
1.336303788E+01  2.397822952E+01
1.337411375E+01  3.312368011E+01
1.338518962E+01  4.260450363E+01
1.339626549E+01  5.673978806E+01
1.340734136E+01  7.080722809E+01
1.341841723E+01  8.931532288E+01
1.342949310E+01  1.090429459E+02
1.344056897E+01  1.197238922E+02
1.345164484E+01  1.238065414E+02
1.346272071E+01  1.077846527E+02
1.347379659E+01  8.982213593E+01
1.348487246E+01  6.408860779E+01
1.349594833E+01  5.399169922E+01
1.350702420E+01  4.415691376E+01
1.351810007E+01  3.777930832E+01
1.352917594E+01  3.146748543E+01
1.354025181E+01  2.770832634E+01
1.355132768E+01  2.495889473E+01
1.356240355E+01  2.418026733E+01
1.357347942E+01  2.405699730E+01
1.358455529E+01  2.474981689E+01
1.359563116E+01  2.566540337E+01
1.360670703E+01  2.695199013E+01
1.361778290E+01  2.870029259E+01
1.362885877E+01  3.075222206E+01
1.363993464E+01  3.422994232E+01
1.365101052E+01  3.958128738E+01
1.366208639E+01  4.677774429E+01
1.367316226E+01  5.619068146E+01
1.368423813E+01  6.666692352E+01
1.369531400E+01  7.636882782E+01
1.370638987E+01  8.511155701E+01
1.371746574E+01  9.093438721E+01
1.372854161E+01  9.297924042E+01
1.373961748E+01  9.399532318E+01
1.375069335E+01  9.586245728E+01
1.376176922E+01  9.851487732E+01
1.377284509E+01  9.980503082E+01
1.378392096E+01  1.007679825E+02
1.379499683E+01  9.530206299E+01
1.380607270E+01  8.806401062E+01
1.381714857E+01  7.678809357E+01
1.382822444E+01  6.553997803E+01
1.383930032E+01  5.243502808E+01
1.385037619E+01  4.347299576E+01
1.386145206E+01  3.390522385E+01
1.387252793E+01  2.712270546E+01
1.388360380E+01  2.068526077E+01
1.389467967E+01  1.617712593E+01
1.390575554E+01  1.239018536E+01
1.391683141E+01  9.511962891E+00
1.392790728E+01  7.328619957E+00
1.393898315E+01  6.225083828E+00
1.395005902E+01  7.143908024E+00
1.396113489E+01  7.387887955E+00
1.397221076E+01  6.744695187E+00
1.398328663E+01  4.441954613E+00
1.399436250E+01  3.756867409E+00
1.400543837E+01  1.796239376E+00
1.401651424E+01  1.965721011E+00
1.402759012E+01  1.102009654E+00
1.403866599E+01  1.105663419E+00
1.404974186E+01  1.118957996E+00
1.406081773E+01  1.265511155E+00
1.407189360E+01  4.919585586E-01
1.408296947E+01  -3.932277560E-01
1.409404534E+01  -9.951294661E-01
1.410512121E+01  -9.378503561E-01
1.411619708E+01  -7.032656670E-02
1.412727295E+01  2.448552549E-01
1.413834882E+01  1.013538122E+00
1.414942469E+01  9.163916111E-01
1.416050056E+01  1.390454173E+00
1.417157643E+01  1.276838779E+00
1.418265230E+01  1.926445484E+00
1.419372817E+01  2.046274900E+00
1.420480405E+01  2.309656620E+00
1.421587992E+01  2.302417040E+00
1.422695579E+01  3.139577627E+00
1.423803166E+01  3.600364208E+00
1.424910753E+01  4.013216019E+00
1.426018340E+01  3.740527153E+00
1.427125927E+01  2.921808958E+00
1.428233514E+01  2.203670740E+00
1.429341101E+01  1.449290872E+00
1.430448688E+01  1.368910313E+00
1.431556275E+01  9.600160122E-01
1.432663862E+01  9.730393887E-01
1.433771449E+01  5.625999570E-01
1.434879036E+01  5.511763692E-01
1.435986623E+01  1.191690788E-01
1.437094210E+01  1.901069283E-02
1.438201797E+01  1.446227878E-01
1.439309385E+01  4.022646546E-01
1.440416972E+01  2.011327446E-01
1.441524559E+01  4.317532778E-01
1.442632146E+01  7.450337410E-01
1.443739733E+01  8.778235912E-01
1.444847320E+01  8.883866072E-01
1.445954907E+01  3.243685365E-01
1.447062494E+01  4.204282165E-01
1.448170081E+01  1.794128269E-01
1.449277668E+01  1.241864085E+00
1.450385255E+01  1.682159543E+00
1.451492842E+01  2.468594551E+00
1.452600429E+01  2.104495287E+00
1.453708016E+01  1.714153886E+00
1.454815603E+01  1.505719662E+00
1.455923190E+01  1.172930956E+00
1.457030777E+01  7.636441588E-01
1.458138365E+01  8.264402151E-01
1.459245952E+01  8.350617886E-01
1.460353539E+01  1.288998604E+00
1.461461126E+01  1.702012420E+00
1.462568713E+01  2.777794838E+00
1.463676300E+01  3.746760130E+00
1.464783887E+01  4.067092896E+00
1.465891474E+01  4.680851936E+00
1.466999061E+01  5.018487453E+00
1.468106648E+01  6.599546432E+00
1.469214235E+01  7.604207516E+00
1.470321822E+01  9.190174103E+00
1.471429409E+01  1.025000000E+01
1.472536996E+01  1.126643276E+01
1.473644583E+01  1.160624218E+01
1.474752170E+01  1.217878342E+01
1.475859758E+01  1.161739826E+01
1.476967345E+01  1.055626774E+01
1.478074932E+01  9.538496971E+00
1.479182519E+01  9.130978584E+00
1.480290106E+01  8.293538094E+00
1.481397693E+01  7.549462795E+00
1.482505280E+01  6.981721878E+00
1.483612867E+01  6.551567078E+00
1.484720454E+01  6.037254810E+00
1.485828041E+01  5.518056393E+00
1.486935628E+01  5.218739986E+00
1.488043215E+01  4.367724895E+00
1.489150802E+01  4.663637638E+00
1.490258389E+01  4.191568851E+00
1.491365976E+01  4.148052216E+00
1.492473563E+01  3.312742710E+00
1.493581150E+01  3.206623316E+00
1.494688738E+01  2.671836138E+00
1.495796325E+01  3.137799978E+00
1.496903912E+01  3.038200140E+00
1.498011499E+01  3.461260319E+00
1.499119086E+01  2.975791454E+00
1.500226673E+01  3.050261021E+00
1.501334260E+01  2.528256416E+00
1.502441847E+01  2.276680946E+00
1.503549434E+01  1.672203064E+00
1.504657021E+01  1.507751584E+00
1.505764608E+01  2.466394424E+00
1.506872195E+01  2.460205555E+00
1.507979782E+01  2.644791842E+00
1.509087369E+01  2.317732096E+00
1.510194956E+01  2.212522984E+00
1.511302543E+01  2.227826595E+00
1.512410130E+01  2.310894966E+00
1.513517718E+01  2.195973873E+00
1.514625305E+01  2.274419785E+00
1.515732892E+01  2.296361685E+00
1.516840479E+01  2.236056805E+00
1.517948066E+01  1.919089079E+00
1.519055653E+01  1.710235119E+00
1.520163240E+01  1.814246655E+00
1.521270827E+01  2.209687710E+00
1.522378414E+01  2.763193607E+00
1.523486001E+01  2.474220991E+00
1.524593588E+01  2.009961605E+00
1.525701175E+01  1.455829024E+00
1.526808762E+01  1.863189578E+00
1.527916349E+01  1.816134095E+00
1.529023936E+01  2.784261227E+00
1.530131523E+01  2.407467127E+00
1.531239111E+01  2.578344107E+00
1.532346698E+01  1.373696685E+00
1.533454285E+01  1.082741976E+00
1.534561872E+01  -1.660608649E-01
1.535669459E+01  -2.915597148E-02
1.536777046E+01  -2.446441054E-01
1.537884633E+01  -4.805442318E-02
1.538992220E+01  -1.303527355E-01
1.540099807E+01  8.465552330E-01
1.541207394E+01  1.762152433E+00
1.542314981E+01  1.777910829E+00
1.543422568E+01  1.797984004E+00
1.544530155E+01  1.691008329E+00
1.545637742E+01  2.746646166E+00
1.546745329E+01  3.738450289E+00
1.547852916E+01  5.728796482E+00
1.548960503E+01  7.481967926E+00
1.550068091E+01  9.395306587E+00
1.551175678E+01  1.201227570E+01
1.552283265E+01  1.523815632E+01
1.553390852E+01  1.836641312E+01
1.554498439E+01  2.078231049E+01
1.555606026E+01  2.166371346E+01
1.556713613E+01  2.059327126E+01
1.557821200E+01  1.879206276E+01
1.558928787E+01  1.592769623E+01
1.560036374E+01  1.407512665E+01
1.561143961E+01  1.133408642E+01
1.562251548E+01  1.014366245E+01
1.563359135E+01  8.407047272E+00
1.564466722E+01  7.800990582E+00
1.565574309E+01  6.276652813E+00
1.566681896E+01  5.647248745E+00
1.567789483E+01  4.342200756E+00
1.568897071E+01  4.152619362E+00
1.570004658E+01  3.162946224E+00
1.571112245E+01  3.339818478E+00
1.572219832E+01  2.540371656E+00
1.573327419E+01  2.980010986E+00
1.574435006E+01  2.454580784E+00
1.575542593E+01  2.839875460E+00
1.576650180E+01  2.689173222E+00
1.577757767E+01  3.101767778E+00
1.578865354E+01  2.862981081E+00
1.579972941E+01  2.091260195E+00
1.581080528E+01  1.818375587E+00
1.582188115E+01  1.374310613E+00
1.583295702E+01  1.310356140E+00
1.584403289E+01  4.433012903E-01
1.585510876E+01  7.795048952E-01
1.586618464E+01  6.978799105E-01
1.587726051E+01  2.140078783E+00
1.588833638E+01  2.321797609E+00
1.589941225E+01  3.844715118E+00
1.591048812E+01  4.164875984E+00
1.592156399E+01  6.350261211E+00
1.593263986E+01  8.163061142E+00
1.594371573E+01  1.115098763E+01
1.595479160E+01  1.327190685E+01
1.596586747E+01  1.680313873E+01
1.597694334E+01  2.092813110E+01
1.598801921E+01  2.463355446E+01
1.599909508E+01  2.857148361E+01
1.601017095E+01  2.939459991E+01
1.602124682E+01  2.884506989E+01
1.603232269E+01  2.562720871E+01
1.604339856E+01  2.281411552E+01
1.605447444E+01  1.994470596E+01
1.606555031E+01  1.914273643E+01
1.607662618E+01  1.687864685E+01
1.608770205E+01  1.670881271E+01
1.609877792E+01  1.489310741E+01
1.610985379E+01  1.478600597E+01
1.612092966E+01  1.336406136E+01
1.613200553E+01  1.394537830E+01
1.614308140E+01  1.336649895E+01
1.615415727E+01  1.432004547E+01
1.616523314E+01  1.370811844E+01
1.617630901E+01  1.413447857E+01
1.618738488E+01  1.330689526E+01
1.619846075E+01  1.324722767E+01
1.620953662E+01  1.274003315E+01
1.622061249E+01  1.254325962E+01
1.623168836E+01  1.205304241E+01
1.624276424E+01  1.118016624E+01
1.625384011E+01  1.052060127E+01
1.626491598E+01  8.940337181E+00
1.627599185E+01  8.030465126E+00
1.628706772E+01  6.416010380E+00
1.629814359E+01  6.215899467E+00
1.630921946E+01  4.870957851E+00
1.632029533E+01  4.981556892E+00
1.633137120E+01  4.337888718E+00
1.634244707E+01  5.299359322E+00
1.635352294E+01  4.918122768E+00
1.636459881E+01  6.122797012E+00
1.637567468E+01  5.711750984E+00
1.638675055E+01  6.710645199E+00
1.639782642E+01  6.407713413E+00
1.640890229E+01  7.320066929E+00
1.641997817E+01  8.383639336E+00
1.643105404E+01  1.087859726E+01
1.644212991E+01  1.395388031E+01
1.645320578E+01  1.683972168E+01
1.646428165E+01  2.048680878E+01
1.647535752E+01  2.182312202E+01
1.648643339E+01  2.399965477E+01
1.649750926E+01  2.371232224E+01
1.650858513E+01  2.277934456E+01
1.651966100E+01  1.910157967E+01
1.653073687E+01  1.706559753E+01
1.654181274E+01  1.372556305E+01
1.655288861E+01  1.068983650E+01
1.656396448E+01  8.112300873E+00
1.657504035E+01  7.101059437E+00
1.658611622E+01  5.776171207E+00
1.659719209E+01  5.712765694E+00
1.660826797E+01  4.225347996E+00
1.661934384E+01  3.662106991E+00
1.663041971E+01  2.630015612E+00
1.664149558E+01  2.754229307E+00
1.665257145E+01  2.411973476E+00
1.666364732E+01  2.133788347E+00
1.667472319E+01  1.662978649E+00
1.668579906E+01  1.122848868E+00
1.669687493E+01  8.055233955E-01
1.670795080E+01  -1.515521668E-03
1.671902667E+01  7.176050544E-01
1.673010254E+01  1.008907080E+00
1.674117841E+01  3.012038946E+00
1.675225428E+01  4.206979752E+00
1.676333015E+01  7.227639675E+00
1.677440602E+01  8.495282173E+00
1.678548190E+01  8.974139214E+00
1.679655777E+01  6.222320557E+00
1.680763364E+01  4.957235813E+00
1.681870951E+01  3.286071301E+00
1.682978538E+01  4.385718822E+00
1.684086125E+01  4.985809326E+00
1.685193712E+01  6.935730934E+00
1.686301299E+01  7.661416531E+00
1.687408886E+01  7.865417004E+00
1.688516473E+01  7.159959316E+00
1.689624060E+01  6.361137390E+00
1.690731647E+01  6.219014168E+00
1.691839234E+01  5.512959957E+00
1.692946821E+01  4.895402908E+00
1.694054408E+01  3.969099760E+00
1.695161995E+01  3.880642891E+00
1.696269582E+01  3.456691265E+00
1.697377170E+01  3.946646452E+00
1.698484757E+01  2.916451693E+00
1.699592344E+01  3.320370197E+00
1.700699931E+01  1.922860384E+00
1.701807518E+01  1.961173177E+00
1.702915105E+01  5.600256920E-01
1.704022692E+01  9.311862588E-01
1.705130279E+01  -3.484497964E-01
1.706237866E+01  6.234675050E-01
1.707345453E+01  1.079455465E-01
1.708453040E+01  1.085610747E+00
1.709560627E+01  5.532175303E-01
1.710668214E+01  1.308559537E+00
1.711775801E+01  7.447810769E-01
1.712883388E+01  1.207066178E+00
1.713990975E+01  1.136680841E+00
1.715098562E+01  2.316333532E+00
1.716206150E+01  2.729183674E+00
1.717313737E+01  3.752810240E+00
1.718421324E+01  4.441681862E+00
1.719528911E+01  4.659601688E+00
1.720636498E+01  5.674678326E+00
1.721744085E+01  6.089498520E+00
1.722851672E+01  6.816591740E+00
1.723959259E+01  7.114073753E+00
1.725066846E+01  8.619212151E+00
1.726174433E+01  9.912027359E+00
1.727282020E+01  1.200540066E+01
1.728389607E+01  1.378794575E+01
1.729497194E+01  1.705611038E+01
1.730604781E+01  2.265797615E+01
1.731712368E+01  2.961972046E+01
1.732819955E+01  3.649571228E+01
1.733927543E+01  4.279294968E+01
1.735035130E+01  4.860179520E+01
1.736142717E+01  5.213113785E+01
1.737250304E+01  5.319189835E+01
1.738357891E+01  5.092091751E+01
1.739465478E+01  4.583038330E+01
1.740573065E+01  4.012058640E+01
1.741680652E+01  3.630844879E+01
1.742788239E+01  3.421434021E+01
1.743895826E+01  3.313786316E+01
1.745003413E+01  3.303668213E+01
1.746111000E+01  3.455495834E+01
1.747218587E+01  3.715227127E+01
1.748326174E+01  4.090744019E+01
1.749433761E+01  4.530575562E+01
1.750541348E+01  5.135884476E+01
1.751648935E+01  5.773238373E+01
1.752756523E+01  6.477925873E+01
1.753864110E+01  6.998138428E+01
1.754971697E+01  7.426179504E+01
1.756079284E+01  7.602776337E+01
1.757186871E+01  7.636853790E+01
1.758294458E+01  7.482453918E+01
1.759402045E+01  7.305552673E+01
1.760509632E+01  6.961272430E+01
1.761617219E+01  6.588864136E+01
1.762724806E+01  6.033314514E+01
1.763832393E+01  5.505892944E+01
1.764939980E+01  4.801361847E+01
1.766047567E+01  4.251335144E+01
1.767155154E+01  3.646910858E+01
1.768262741E+01  3.214084244E+01
1.769370328E+01  2.785697937E+01
1.770477915E+01  2.476856804E+01
1.771585503E+01  2.150344276E+01
1.772693090E+01  1.891502190E+01
1.773800677E+01  1.667433739E+01
1.774908264E+01  1.487002373E+01
1.776015851E+01  1.342090225E+01
1.777123438E+01  1.237616825E+01
1.778231025E+01  1.188791847E+01
1.779338612E+01  1.116147041E+01
1.780446199E+01  1.144035435E+01
1.781553786E+01  1.078865719E+01
1.782661373E+01  1.048592854E+01
1.783768960E+01  1.014912319E+01
1.784876547E+01  1.026703358E+01
1.785984134E+01  1.032467461E+01
1.787091721E+01  1.108405209E+01
1.788199308E+01  1.147539616E+01
1.789306896E+01  1.113024521E+01
1.790414483E+01  1.075864315E+01
1.791522070E+01  9.321141243E+00
1.792629657E+01  7.271346092E+00
1.793737244E+01  5.417012691E+00
1.794844831E+01  3.645990610E+00
1.795952418E+01  2.687826395E+00
1.797060005E+01  1.834952235E+00
1.798167592E+01  1.125672102E+00
1.799275179E+01  3.179157674E-01
1.800382766E+01  -3.004574478E-01
1.801490353E+01  -6.434704065E-01
1.802597940E+01  6.274248660E-02
1.803705527E+01  9.732947350E-01
1.804813114E+01  1.787145019E+00
1.805920701E+01  2.454860449E+00
1.807028288E+01  3.925809145E+00
1.808135876E+01  5.615931988E+00
1.809243463E+01  6.796536446E+00
1.810351050E+01  7.923886299E+00
1.811458637E+01  9.878458023E+00
1.812566224E+01  1.170004559E+01
1.813673811E+01  1.491869640E+01
1.814781398E+01  1.813221741E+01
1.815888985E+01  2.187044334E+01
1.816996572E+01  2.579040909E+01
1.818104159E+01  3.118771935E+01
1.819211746E+01  3.600690842E+01
1.820319333E+01  4.136818314E+01
1.821426920E+01  4.358535767E+01
1.822534507E+01  4.497883987E+01
1.823642094E+01  4.304787827E+01
1.824749681E+01  4.114487839E+01
1.825857268E+01  3.679276657E+01
1.826964856E+01  3.343855286E+01
1.828072443E+01  2.812994576E+01
1.829180030E+01  2.412778664E+01
1.830287617E+01  1.938016891E+01
1.831395204E+01  1.613242340E+01
1.832502791E+01  1.354612923E+01
1.833610378E+01  1.158339691E+01
1.834717965E+01  9.332182884E+00
1.835825552E+01  7.007383823E+00
1.836933139E+01  4.865392685E+00
1.838040726E+01  3.734975100E+00
1.839148313E+01  3.203920126E+00
1.840255900E+01  2.749406815E+00
1.841363487E+01  2.692839384E+00
1.842471074E+01  2.367816448E+00
1.843578661E+01  2.069347620E+00
1.844686249E+01  1.712668300E+00
1.845793836E+01  2.193591356E+00
1.846901423E+01  2.778643370E+00
1.848009010E+01  3.821984053E+00
1.849116597E+01  3.887843132E+00
1.850224184E+01  3.706942081E+00
1.851331771E+01  2.641459465E+00
1.852439358E+01  2.905247927E+00
1.853546945E+01  3.028188705E+00
1.854654532E+01  4.176628590E+00
1.855762119E+01  4.097470760E+00
1.856869706E+01  4.888441086E+00
1.857977293E+01  5.006754398E+00
1.859084880E+01  5.766675949E+00
1.860192467E+01  5.883342266E+00
1.861300054E+01  7.753650665E+00
1.862407641E+01  8.176836967E+00
1.863515229E+01  1.046897888E+01
1.864622816E+01  1.123863506E+01
1.865730403E+01  1.321704292E+01
1.866837990E+01  1.296734810E+01
1.867945577E+01  1.244014740E+01
1.869053164E+01  1.098301315E+01
1.870160751E+01  1.078458309E+01
1.871268338E+01  1.008525467E+01
1.872375925E+01  1.002215576E+01
1.873483512E+01  1.004565048E+01
1.874591099E+01  9.891263962E+00
1.875698686E+01  9.840785027E+00
1.876806273E+01  9.109848976E+00
1.877913860E+01  8.558132172E+00
1.879021447E+01  7.391387939E+00
1.880129034E+01  7.063416481E+00
1.881236621E+01  6.760077477E+00
1.882344209E+01  7.238277912E+00
1.883451796E+01  7.630657196E+00
1.884559383E+01  8.419833183E+00
1.885666970E+01  8.922774315E+00
1.886774557E+01  9.903225899E+00
1.887882144E+01  1.027288055E+01
1.888989731E+01  1.132966232E+01
1.890097318E+01  1.132156277E+01
1.891204905E+01  1.266368675E+01
1.892312492E+01  1.267433262E+01
1.893420079E+01  1.343546581E+01
1.894527666E+01  1.346715736E+01
1.895635253E+01  1.473807812E+01
1.896742840E+01  1.497068024E+01
1.897850427E+01  1.570698643E+01
1.898958014E+01  1.436889362E+01
1.900065602E+01  1.255956936E+01
1.901173189E+01  9.860317230E+00
1.902280776E+01  8.538593292E+00
1.903388363E+01  6.560698509E+00
1.904495950E+01  5.970804691E+00
1.905603537E+01  4.340176582E+00
1.906711124E+01  4.162558079E+00
1.907818711E+01  2.822920799E+00
1.908926298E+01  3.019708633E+00
1.910033885E+01  1.840764880E+00
1.911141472E+01  2.265530348E+00
1.912249059E+01  1.893928051E+00
1.913356646E+01  1.843335509E+00
1.914464233E+01  7.976598144E-01
1.915571820E+01  3.193501830E-01
1.916679407E+01  -4.513812661E-01
1.917786994E+01  -2.645753622E-01
1.918894582E+01  7.956383377E-02
1.920002169E+01  7.929266691E-01
1.921109756E+01  1.130872011E+00
1.922217343E+01  1.743791461E+00
1.923324930E+01  2.158556461E+00
1.924432517E+01  2.925248623E+00
1.925540104E+01  3.243748188E+00
1.926647691E+01  3.703726530E+00
1.927755278E+01  3.627297401E+00
1.928862865E+01  3.310230494E+00
1.929970452E+01  2.742044449E+00
1.931078039E+01  2.052175283E+00
1.932185626E+01  2.120815992E+00
1.933293213E+01  2.457457781E+00
1.934400800E+01  3.058921099E+00
1.935508387E+01  3.300226212E+00
1.936615974E+01  3.603291750E+00
1.937723562E+01  3.358200550E+00
1.938831149E+01  3.801614285E+00
1.939938736E+01  3.786183119E+00
1.941046323E+01  4.683495998E+00
1.942153910E+01  4.747728348E+00
1.943261497E+01  4.971960068E+00
1.944369084E+01  4.325235844E+00
1.945476671E+01  4.397335052E+00
1.946584258E+01  4.500700474E+00
1.947691845E+01  6.535544872E+00
1.948799432E+01  7.188333035E+00
1.949907019E+01  8.728655815E+00
1.951014606E+01  8.295358658E+00
1.952122193E+01  9.293752670E+00
1.953229780E+01  9.293437958E+00
1.954337367E+01  1.062852478E+01
1.955444955E+01  1.061393166E+01
1.956552542E+01  1.232859135E+01
1.957660129E+01  1.177633095E+01
1.958767716E+01  1.298121166E+01
1.959875303E+01  1.163046646E+01
1.960982890E+01  1.113297176E+01
1.962090477E+01  8.313704491E+00
1.963198064E+01  6.912885189E+00
1.964305651E+01  4.196818352E+00
1.965413238E+01  3.580084801E+00
1.966520825E+01  1.777214170E+00
1.967628412E+01  1.960158229E+00
1.968735999E+01  7.261871696E-01
1.969843586E+01  1.197990298E+00
1.970951173E+01  4.248021841E-01
1.972058760E+01  8.115446568E-01
1.973166347E+01  1.756545007E-01
1.974273935E+01  8.053160310E-01
1.975381522E+01  4.017878175E-01
1.976489109E+01  1.080628991E+00
1.977596696E+01  5.823982954E-01
1.978704283E+01  9.597939849E-01
1.979811870E+01  2.643054426E-01
1.980919457E+01  7.452546358E-01
1.982027044E+01  3.066504896E-01
1.983134631E+01  6.318282485E-01
1.984242218E+01  3.637527227E-01
1.985349805E+01  4.789246619E-01
1.986457392E+01  3.656319678E-01
1.987564979E+01  1.774453998E+00
1.988672566E+01  2.556423187E+00
1.989780153E+01  3.957522392E+00
1.990887740E+01  3.694796085E+00
1.991995327E+01  3.976918697E+00
1.993102915E+01  3.320539713E+00
1.994210502E+01  2.806200981E+00
1.995318089E+01  1.657252073E+00
1.996425676E+01  9.041519761E-01
1.997533263E+01  2.205231637E-01
1.998640850E+01  -7.770983130E-02
1.999748437E+01  5.434196070E-02
2.000856024E+01  3.961995840E-01
2.001963611E+01  8.466504812E-01
2.003071198E+01  9.461386800E-01
2.004178785E+01  8.815154433E-01
2.005286372E+01  8.448547125E-01
2.006393959E+01  9.803426862E-01
2.007501546E+01  8.182892203E-01
2.008609133E+01  8.191249371E-01
2.009716720E+01  3.831592202E-01
2.010824308E+01  3.203607202E-01
2.011931895E+01  2.408552468E-01
2.013039482E+01  5.778711438E-01
2.014147069E+01  3.479917943E-01
2.015254656E+01  3.688072860E-01
2.016362243E+01  1.067567393E-01
2.017469830E+01  1.801851094E-01
2.018577417E+01  4.452883601E-01
2.019685004E+01  1.544219255E+00
2.020792591E+01  2.220041037E+00
2.021900178E+01  3.310455561E+00
2.023007765E+01  3.560684919E+00
2.024115352E+01  3.866533279E+00
2.025222939E+01  3.862538338E+00
2.026330526E+01  4.360652924E+00
2.027438113E+01  4.548321724E+00
2.028545700E+01  5.257544518E+00
2.029653288E+01  5.618153095E+00
2.030760875E+01  6.064539909E+00
2.031868462E+01  5.350319862E+00
2.032976049E+01  5.063781738E+00
2.034083636E+01  4.502403259E+00
2.035191223E+01  4.467102051E+00
2.036298810E+01  4.185813427E+00
2.037406397E+01  4.257144451E+00
2.038513984E+01  4.047873974E+00
2.039621571E+01  4.026490211E+00
2.040729158E+01  3.586336374E+00
2.041836745E+01  3.427169561E+00
2.042944332E+01  2.363163233E+00
2.044051919E+01  2.313034773E+00
2.045159506E+01  1.875562787E+00
2.046267093E+01  1.971993923E+00
2.047374680E+01  1.172598958E+00
2.048482268E+01  1.198401809E+00
2.049589855E+01  7.588542700E-01
2.050697442E+01  1.089960575E+00
2.051805029E+01  6.896799803E-01
2.052912616E+01  9.669199586E-01
2.054020203E+01  7.197710872E-01
2.055127790E+01  1.155021667E+00
2.056235377E+01  9.058631063E-01
2.057342964E+01  1.381769061E+00
2.058450551E+01  1.229295731E+00
2.059558138E+01  1.572867036E+00
2.060665725E+01  1.426225305E+00
2.061773312E+01  1.599735737E+00
2.062880899E+01  1.891071200E+00
2.063988486E+01  2.133422852E+00
2.065096073E+01  1.851831079E+00
2.066203661E+01  1.913608313E+00
2.067311248E+01  1.346355200E+00
2.068418835E+01  1.136115909E+00
2.069526422E+01  4.543243051E-01
2.070634009E+01  5.186667442E-01
2.071741596E+01  8.023076504E-02
2.072849183E+01  7.149337977E-02
2.073956770E+01  -2.429019660E-01
2.075064357E+01  -1.866171956E-01
2.076171944E+01  -2.175011039E-01
2.077279531E+01  2.190842777E-01
2.078387118E+01  2.612282038E-01
2.079494705E+01  5.863186121E-01
2.080602292E+01  2.667525411E-01
2.081709879E+01  -3.375160322E-02
2.082817466E+01  -4.957441688E-01
2.083925053E+01  -9.613561630E-02
2.085032641E+01  -1.026009917E-01
2.086140228E+01  5.228482187E-02
2.087247815E+01  9.499938786E-02
