4.314051599E+00  -1.871018857E-01
4.325127469E+00  4.327993989E-01
4.336203340E+00  -2.872925401E-01
4.347279211E+00  -3.047686070E-02
4.358355081E+00  1.308131456E+00
4.369430952E+00  1.144131541E+00
4.380506822E+00  2.158481359E+00
4.391582693E+00  1.079189777E+00
4.402658564E+00  2.631244421E+00
4.413734434E+00  2.239655495E+00
4.424810305E+00  2.899841547E+00
4.435886175E+00  4.372298717E+00
4.446962046E+00  4.383858204E+00
4.458037917E+00  5.216207504E+00
4.469113787E+00  3.809199333E+00
4.480189658E+00  4.875065804E+00
4.491265528E+00  4.027707100E+00
4.502341399E+00  5.517429352E+00
4.513417270E+00  5.624567032E+00
4.524493140E+00  6.679478645E+00
4.535569011E+00  7.576964378E+00
4.546644881E+00  7.476150513E+00
4.557720752E+00  8.731248856E+00
4.568796623E+00  7.325467587E+00
4.579872493E+00  9.039076805E+00
4.590948364E+00  7.503923416E+00
4.602024234E+00  8.092731476E+00
4.613100105E+00  7.185314655E+00
4.624175976E+00  8.088118553E+00
4.635251846E+00  8.205285072E+00
4.646327717E+00  7.514350414E+00
4.657403587E+00  8.776006699E+00
4.668479458E+00  8.207605362E+00
4.679555329E+00  9.577311516E+00
4.690631199E+00  9.087671280E+00
4.701707070E+00  1.100820923E+01
4.712782941E+00  1.164174652E+01
4.723858811E+00  1.250080013E+01
4.734934682E+00  1.371506023E+01
4.746010552E+00  1.306458569E+01
4.757086423E+00  1.315497112E+01
4.768162294E+00  1.124179745E+01
4.779238164E+00  1.186758137E+01
4.790314035E+00  1.134272194E+01
4.801389905E+00  1.133104897E+01
4.812465776E+00  1.187008095E+01
4.823541647E+00  1.204434013E+01
4.834617517E+00  1.375316906E+01
4.845693388E+00  1.348293114E+01
4.856769258E+00  1.507616425E+01
4.867845129E+00  1.340320396E+01
4.878921000E+00  1.340282726E+01
4.889996870E+00  1.221249199E+01
4.901072741E+00  1.210730362E+01
4.912148611E+00  1.169215202E+01
4.923224482E+00  1.148361683E+01
4.934300353E+00  1.272503662E+01
4.945376223E+00  1.245011044E+01
4.956452094E+00  1.467821407E+01
4.967527964E+00  1.466562366E+01
4.978603835E+00  1.629602814E+01
4.989679706E+00  1.611153984E+01
5.000755576E+00  1.515449429E+01
5.011831447E+00  1.516777992E+01
5.022907317E+00  1.478477859E+01
5.033983188E+00  1.604622459E+01
5.045059059E+00  1.447332382E+01
5.056134929E+00  1.541407299E+01
5.067210800E+00  1.312883949E+01
5.078286670E+00  1.340852165E+01
5.089362541E+00  1.316476727E+01
5.100438412E+00  1.250419331E+01
5.111514282E+00  1.263329124E+01
5.122590153E+00  1.151821995E+01
5.133666023E+00  1.230057812E+01
5.144741894E+00  1.092105770E+01
5.155817765E+00  1.158636570E+01
5.166893635E+00  1.041045189E+01
5.177969506E+00  1.032698917E+01
5.189045376E+00  1.033619308E+01
5.200121247E+00  1.043377304E+01
5.211197118E+00  1.119699478E+01
5.222272988E+00  1.101941204E+01
5.233348859E+00  1.219289970E+01
5.244424729E+00  1.200542545E+01
5.255500600E+00  1.231697845E+01
5.266576471E+00  1.140294838E+01
5.277652341E+00  1.039247513E+01
5.288728212E+00  1.013258839E+01
5.299804082E+00  9.731291771E+00
5.310879953E+00  1.083380795E+01
5.321955824E+00  1.003016758E+01
5.333031694E+00  1.097349930E+01
5.344107565E+00  1.074281693E+01
5.355183435E+00  1.130506039E+01
5.366259306E+00  1.181709194E+01
5.377335177E+00  1.222982597E+01
5.388411047E+00  1.280519676E+01
5.399486918E+00  1.198175907E+01
5.410562788E+00  1.227691174E+01
5.421638659E+00  1.016519260E+01
5.432714530E+00  1.029752159E+01
5.443790400E+00  9.153663635E+00
5.454866271E+00  9.297971725E+00
5.465942141E+00  9.143789291E+00
5.477018012E+00  8.689172745E+00
5.488093883E+00  9.950483322E+00
5.499169753E+00  9.531605721E+00
5.510245624E+00  1.087138653E+01
5.521321494E+00  9.628395081E+00
5.532397365E+00  1.090444660E+01
5.543473236E+00  1.140816689E+01
5.554549106E+00  1.180717278E+01
5.565624977E+00  1.086210346E+01
5.576700847E+00  9.670887947E+00
5.587776718E+00  1.043570709E+01
5.598852589E+00  1.004271317E+01
5.609928459E+00  1.139747334E+01
5.621004330E+00  9.875415802E+00
5.632080200E+00  1.051383972E+01
5.643156071E+00  9.868243217E+00
5.654231942E+00  9.800286293E+00
5.665307812E+00  1.063745499E+01
5.676383683E+00  9.968721390E+00
5.687459553E+00  1.098572445E+01
5.698535424E+00  1.026450920E+01
5.709611295E+00  1.133535290E+01
5.720687165E+00  1.080055523E+01
5.731763036E+00  1.165170765E+01
5.742838906E+00  1.090408325E+01
5.753914777E+00  9.970299721E+00
5.764990648E+00  9.029575348E+00
5.776066518E+00  7.851951122E+00
5.787142389E+00  8.321604729E+00
5.798218259E+00  8.245563507E+00
5.809294130E+00  8.708928108E+00
5.820370001E+00  8.461839676E+00
5.831445871E+00  7.860510826E+00
5.842521742E+00  8.495650291E+00
5.853597612E+00  8.962233543E+00
5.864673483E+00  9.821418762E+00
5.875749354E+00  7.667195797E+00
5.886825224E+00  7.881876945E+00
5.897901095E+00  6.090202808E+00
5.908976965E+00  6.917272568E+00
5.920052836E+00  6.369527340E+00
5.931128707E+00  7.507723808E+00
5.942204577E+00  8.276400566E+00
5.953280448E+00  8.631810188E+00
5.964356318E+00  9.512255669E+00
5.975432189E+00  8.178909302E+00
5.986508060E+00  8.211543083E+00
5.997583930E+00  6.718976498E+00
6.008659801E+00  7.647183895E+00
6.019735671E+00  6.714719296E+00
6.030811542E+00  6.241939068E+00
6.041887413E+00  6.217900753E+00
6.052963283E+00  6.641179085E+00
6.064039154E+00  7.184910774E+00
6.075115024E+00  6.395521641E+00
6.086190895E+00  8.128031731E+00
6.097266766E+00  7.706089020E+00
6.108342636E+00  9.493017197E+00
6.119418507E+00  9.824675560E+00
6.130494377E+00  1.007073975E+01
6.141570248E+00  9.265680313E+00
6.152646119E+00  8.218634605E+00
6.163721989E+00  8.228363991E+00
6.174797860E+00  6.346076965E+00
6.185873730E+00  7.327087402E+00
6.196949601E+00  7.341632843E+00
6.208025472E+00  8.924699783E+00
6.219101342E+00  7.979322433E+00
6.230177213E+00  6.910861969E+00
6.241253083E+00  6.576464176E+00
6.252328954E+00  6.523467541E+00
6.263404825E+00  7.880026817E+00
6.274480695E+00  7.763314247E+00
6.285556566E+00  8.957988739E+00
6.296632436E+00  7.680110931E+00
6.307708307E+00  7.867425442E+00
6.318784178E+00  6.257973671E+00
6.329860048E+00  4.725911140E+00
6.340935919E+00  3.462168694E+00
6.352011789E+00  2.739711761E+00
6.363087660E+00  4.232388020E+00
6.374163531E+00  4.691318989E+00
6.385239401E+00  7.111402035E+00
6.396315272E+00  7.492175102E+00
6.407391142E+00  8.658740044E+00
6.418467013E+00  8.132121086E+00
6.429542884E+00  8.267450333E+00
6.440618754E+00  8.317199707E+00
6.451694625E+00  7.548366070E+00
6.462770495E+00  7.486856937E+00
6.473846366E+00  5.896615982E+00
6.484922237E+00  6.031210899E+00
6.495998107E+00  4.979288101E+00
6.507073978E+00  4.710476398E+00
6.518149848E+00  4.074771404E+00
6.529225719E+00  4.387254715E+00
6.540301590E+00  5.933220387E+00
6.551377460E+00  6.527134418E+00
6.562453331E+00  7.347229481E+00
6.573529201E+00  6.068560600E+00
6.584605072E+00  6.594940662E+00
6.595680943E+00  6.050393105E+00
6.606756813E+00  6.996072292E+00
6.617832684E+00  7.221280098E+00
6.628908554E+00  7.788994789E+00
6.639984425E+00  7.900865078E+00
6.651060296E+00  6.485343933E+00
6.662136166E+00  6.827935219E+00
6.673212037E+00  5.849640369E+00
6.684287907E+00  6.972800732E+00
6.695363778E+00  6.398930073E+00
6.706439649E+00  7.438792706E+00
6.717515519E+00  8.040238380E+00
6.728591390E+00  8.333241463E+00
6.739667260E+00  8.725975990E+00
6.750743131E+00  8.578274727E+00
6.761819002E+00  8.761199951E+00
6.772894872E+00  7.458679199E+00
6.783970743E+00  7.819363594E+00
6.795046613E+00  7.793295383E+00
6.806122484E+00  8.586009979E+00
6.817198355E+00  9.191497803E+00
6.828274225E+00  9.571398735E+00
6.839350096E+00  9.820290565E+00
6.850425966E+00  9.743201256E+00
6.861501837E+00  9.884298325E+00
6.872577708E+00  9.345242500E+00
6.883653578E+00  9.676186562E+00
6.894729449E+00  9.003578186E+00
6.905805319E+00  7.991830826E+00
6.916881190E+00  7.227724552E+00
6.927957061E+00  6.386420250E+00
6.939032931E+00  6.617203712E+00
6.950108802E+00  6.086085796E+00
6.961184672E+00  7.579442501E+00
6.972260543E+00  6.556014538E+00
6.983336414E+00  6.801573277E+00
6.994412284E+00  6.134850502E+00
7.005488155E+00  6.518013000E+00
7.016564025E+00  6.593529224E+00
7.027639896E+00  6.628379822E+00
7.038715767E+00  6.624778748E+00
7.049791637E+00  5.023051739E+00
7.060867508E+00  5.093481541E+00
7.071943378E+00  4.064361572E+00
7.083019249E+00  4.965988636E+00
7.094095120E+00  5.433762550E+00
7.105170990E+00  6.465633869E+00
7.116246861E+00  6.569075108E+00
7.127322731E+00  5.226778984E+00
7.138398602E+00  5.154715061E+00
7.149474473E+00  4.377812862E+00
7.160550343E+00  5.125226498E+00
7.171626214E+00  4.746469498E+00
7.182702084E+00  5.857292175E+00
7.193777955E+00  5.798783779E+00
7.204853826E+00  6.169847012E+00
7.215929696E+00  5.987350941E+00
7.227005567E+00  4.674170017E+00
7.238081437E+00  4.771340847E+00
7.249157308E+00  4.683301449E+00
7.260233179E+00  5.952794552E+00
7.271309049E+00  6.267457962E+00
7.282384920E+00  6.912704945E+00
7.293460790E+00  6.234495163E+00
7.304536661E+00  6.096972942E+00
7.315612532E+00  5.784691334E+00
7.326688402E+00  5.190598965E+00
7.337764273E+00  5.320680141E+00
7.348840143E+00  5.004401684E+00
7.359916014E+00  5.181335926E+00
7.370991885E+00  4.452674389E+00
7.382067755E+00  4.923512459E+00
7.393143626E+00  5.094815731E+00
7.404219496E+00  5.559712887E+00
7.415295367E+00  5.856031418E+00
7.426371238E+00  5.710560322E+00
7.437447108E+00  5.749503613E+00
7.448522979E+00  5.391541004E+00
7.459598849E+00  6.828545570E+00
7.470674720E+00  6.216499329E+00
7.481750591E+00  6.323199749E+00
7.492826461E+00  5.247009277E+00
7.503902332E+00  5.603867531E+00
7.514978202E+00  6.248359680E+00
7.526054073E+00  6.384802818E+00
7.537129944E+00  6.834455967E+00
7.548205814E+00  6.422973156E+00
7.559281685E+00  7.291924477E+00
7.570357555E+00  6.483638763E+00
7.581433426E+00  7.453651905E+00
7.592509297E+00  6.510649204E+00
7.603585167E+00  6.239928246E+00
7.614661038E+00  5.980205536E+00
7.625736908E+00  5.128180981E+00
7.636812779E+00  5.589833260E+00
7.647888650E+00  6.035301685E+00
7.658964520E+00  6.569053650E+00
7.670040391E+00  5.182032108E+00
7.681116261E+00  5.835151672E+00
7.692192132E+00  6.240672588E+00
7.703268003E+00  6.452651501E+00
7.714343873E+00  6.990846634E+00
7.725419744E+00  6.217058659E+00
7.736495614E+00  6.213060379E+00
7.747571485E+00  5.242388725E+00
7.758647356E+00  6.467020988E+00
7.769723226E+00  5.844833851E+00
7.780799097E+00  6.835292816E+00
7.791874967E+00  6.238319874E+00
7.802950838E+00  6.482378006E+00
7.814026709E+00  6.237631798E+00
7.825102579E+00  5.948905468E+00
7.836178450E+00  6.799550056E+00
7.847254320E+00  6.399554253E+00
7.858330191E+00  7.689718246E+00
7.869406062E+00  7.522099495E+00
7.880481932E+00  9.365454674E+00
7.891557803E+00  8.637027740E+00
7.902633673E+00  8.881383896E+00
7.913709544E+00  8.103295326E+00
7.924785415E+00  8.123816490E+00
7.935861285E+00  8.155728340E+00
7.946937156E+00  7.611396313E+00
7.958013026E+00  7.641345501E+00
7.969088897E+00  6.489850521E+00
7.980164768E+00  6.838321686E+00
7.991240638E+00  6.048220634E+00
8.002316509E+00  6.000420570E+00
8.013392379E+00  5.013780117E+00
8.024468250E+00  4.210869789E+00
8.035544121E+00  3.679835320E+00
8.046619991E+00  3.410799742E+00
8.057695862E+00  4.311608791E+00
8.068771732E+00  4.466012001E+00
8.079847603E+00  5.023185730E+00
8.090923474E+00  4.367903233E+00
8.101999344E+00  4.903366566E+00
8.113075215E+00  4.361269474E+00
8.124151085E+00  4.105383873E+00
8.135226956E+00  4.145842552E+00
8.146302827E+00  3.971414804E+00
8.157378697E+00  4.400091171E+00
8.168454568E+00  3.563704252E+00
8.179530438E+00  4.158782005E+00
8.190606309E+00  3.687515020E+00
8.201682180E+00  5.523063660E+00
8.212758050E+00  5.383436203E+00
8.223833921E+00  5.393132210E+00
8.234909791E+00  5.181777000E+00
8.245985662E+00  5.052213669E+00
8.257061533E+00  5.919709206E+00
8.268137403E+00  5.597600460E+00
8.279213274E+00  6.427055836E+00
8.290289144E+00  5.307591438E+00
8.301365015E+00  6.204396725E+00
8.312440886E+00  5.399553776E+00
8.323516756E+00  7.417088032E+00
8.334592627E+00  7.168108940E+00
8.345668497E+00  7.340335846E+00
8.356744368E+00  7.477567196E+00
8.367820239E+00  6.998844624E+00
8.378896109E+00  6.814299107E+00
8.389971980E+00  4.779128551E+00
8.401047850E+00  5.392330647E+00
8.412123721E+00  4.174630642E+00
8.423199592E+00  4.851588726E+00
8.434275462E+00  4.663657665E+00
8.445351333E+00  4.998262405E+00
8.456427203E+00  5.325471878E+00
8.467503074E+00  5.018429279E+00
8.478578945E+00  6.304284573E+00
8.489654815E+00  6.182037830E+00
8.500730686E+00  7.496150017E+00
8.511806556E+00  6.053606510E+00
8.522882427E+00  5.744890213E+00
8.533958298E+00  4.515050888E+00
8.545034168E+00  4.637630939E+00
8.556110039E+00  4.821598053E+00
8.567185909E+00  5.305218697E+00
8.578261780E+00  6.086893559E+00
8.589337651E+00  5.598006248E+00
8.600413521E+00  6.009323120E+00
8.611489392E+00  5.356602192E+00
8.622565262E+00  5.807316780E+00
8.633641133E+00  5.425059319E+00
8.644717004E+00  5.550402164E+00
8.655792874E+00  5.153192043E+00
8.666868745E+00  4.496488571E+00
8.677944615E+00  4.182343960E+00
8.689020486E+00  2.802068233E+00
8.700096357E+00  3.515943289E+00
8.711172227E+00  2.897460461E+00
8.722248098E+00  4.456635475E+00
8.733323968E+00  4.314325809E+00
8.744399839E+00  5.505696297E+00
8.755475710E+00  5.725580692E+00
8.766551580E+00  6.094717026E+00
8.777627451E+00  5.628254414E+00
8.788703321E+00  4.954622746E+00
8.799779192E+00  4.990583897E+00
8.810855063E+00  4.152166843E+00
8.821930933E+00  5.697687149E+00
8.833006804E+00  5.572716236E+00
8.844082674E+00  7.256150723E+00
8.855158545E+00  7.439291000E+00
8.866234416E+00  8.332234383E+00
8.877310286E+00  8.691344261E+00
8.888386157E+00  9.233433723E+00
8.899462027E+00  9.617573738E+00
8.910537898E+00  9.329253197E+00
8.921613769E+00  1.000740147E+01
8.932689639E+00  9.129693985E+00
8.943765510E+00  9.979225159E+00
8.954841380E+00  9.949315071E+00
8.965917251E+00  1.048785305E+01
8.976993122E+00  9.095947266E+00
8.988068992E+00  7.243331909E+00
8.999144863E+00  5.915856361E+00
9.010220733E+00  4.607178688E+00
9.021296604E+00  4.979413986E+00
9.032372475E+00  4.301242828E+00
9.043448345E+00  5.711949825E+00
9.054524216E+00  5.431873322E+00
9.065600086E+00  5.457839489E+00
9.076675957E+00  4.241140366E+00
9.087751828E+00  4.282870770E+00
9.098827698E+00  3.896381140E+00
9.109903569E+00  4.551146984E+00
9.120979439E+00  5.038664818E+00
9.132055310E+00  5.003333569E+00
9.143131181E+00  5.107618809E+00
9.154207051E+00  4.186224937E+00
9.165282922E+00  4.956544876E+00
9.176358792E+00  4.532943249E+00
9.187434663E+00  5.419554234E+00
9.198510534E+00  5.454983234E+00
9.209586404E+00  5.889821053E+00
9.220662275E+00  6.561206341E+00
9.231738145E+00  6.500245094E+00
9.242814016E+00  7.848150253E+00
9.253889887E+00  7.579752445E+00
9.264965757E+00  9.238484383E+00
9.276041628E+00  8.395488739E+00
9.287117498E+00  9.251178741E+00
9.298193369E+00  8.614366531E+00
9.309269240E+00  8.738686562E+00
9.320345110E+00  8.088835716E+00
9.331420981E+00  7.601675034E+00
9.342496851E+00  7.812821388E+00
9.353572722E+00  7.422810078E+00
9.364648593E+00  7.720064640E+00
9.375724463E+00  6.813200474E+00
9.386800334E+00  6.648480415E+00
9.397876205E+00  5.468430996E+00
9.408952075E+00  5.028762817E+00
9.420027946E+00  3.760968685E+00
9.431103816E+00  2.593856812E+00
9.442179687E+00  2.148373842E+00
9.453255558E+00  2.248836994E+00
9.464331428E+00  3.145589113E+00
9.475407299E+00  2.862411976E+00
9.486483169E+00  3.465080023E+00
9.497559040E+00  3.237142563E+00
9.508634911E+00  3.791007042E+00
9.519710781E+00  4.282905579E+00
9.530786652E+00  4.675222874E+00
9.541862522E+00  4.679491043E+00
9.552938393E+00  4.598674297E+00
9.564014264E+00  4.578876495E+00
9.575090134E+00  4.024016857E+00
9.586166005E+00  3.886841774E+00
9.597241875E+00  3.225691795E+00
9.608317746E+00  4.372344494E+00
9.619393617E+00  4.309336185E+00
9.630469487E+00  5.395913601E+00
9.641545358E+00  5.192861080E+00
9.652621228E+00  5.222391129E+00
9.663697099E+00  4.905765057E+00
9.674772970E+00  5.987853050E+00
9.685848840E+00  7.229150772E+00
9.696924711E+00  7.382342815E+00
9.708000581E+00  7.653239250E+00
9.719076452E+00  6.286103249E+00
9.730152323E+00  5.445485592E+00
9.741228193E+00  4.269815922E+00
9.752304064E+00  3.879211903E+00
9.763379934E+00  4.186640263E+00
9.774455805E+00  4.356774807E+00
9.785531676E+00  5.192963123E+00
9.796607546E+00  4.256608009E+00
9.807683417E+00  5.156354427E+00
9.818759287E+00  4.768790245E+00
9.829835158E+00  5.882613659E+00
9.840911029E+00  5.345725536E+00
9.851986899E+00  5.204269409E+00
9.863062770E+00  4.818595886E+00
9.874138640E+00  4.330672741E+00
9.885214511E+00  5.372577667E+00
9.896290382E+00  5.301485538E+00
9.907366252E+00  5.961753845E+00
9.918442123E+00  4.880476952E+00
9.929517993E+00  5.664094925E+00
9.940593864E+00  4.979104042E+00
9.951669735E+00  6.212459564E+00
9.962745605E+00  6.979752064E+00
9.973821476E+00  7.232020378E+00
9.984897346E+00  7.431532383E+00
9.995973217E+00  6.336086750E+00
1.000704909E+01  6.242665291E+00
1.001812496E+01  4.351079941E+00
1.002920083E+01  5.385677338E+00
1.004027670E+01  3.438112497E+00
1.005135257E+01  4.115907669E+00
1.006242844E+01  3.424654245E+00
1.007350431E+01  4.462839127E+00
1.008458018E+01  4.154995441E+00
1.009565605E+01  4.026975155E+00
1.010673192E+01  3.069593430E+00
1.011780779E+01  2.375226259E+00
1.012888366E+01  2.628534317E+00
1.013995953E+01  2.633561134E+00
1.015103541E+01  2.974744320E+00
1.016211128E+01  2.501169205E+00
1.017318715E+01  2.200103045E+00
1.018426302E+01  1.806859493E+00
1.019533889E+01  1.641956091E+00
1.020641476E+01  1.276885748E+00
1.021749063E+01  1.419859886E+00
1.022856650E+01  1.888586044E+00
1.023964237E+01  2.651283979E+00
1.025071824E+01  4.504664421E+00
1.026179411E+01  5.337356091E+00
1.027286998E+01  5.434960842E+00
1.028394585E+01  4.547435760E+00
1.029502172E+01  4.597834110E+00
1.030609759E+01  3.907523394E+00
1.031717346E+01  3.527487040E+00
1.032824933E+01  3.974406719E+00
1.033932521E+01  4.410960674E+00
1.035040108E+01  4.498240948E+00
1.036147695E+01  3.370241404E+00
1.037255282E+01  2.851629257E+00
1.038362869E+01  1.564071178E+00
1.039470456E+01  1.202598810E+00
1.040578043E+01  6.707412004E-01
1.041685630E+01  9.700512886E-01
1.042793217E+01  1.173372626E+00
1.043900804E+01  3.013706684E+00
1.045008391E+01  3.635677576E+00
1.046115978E+01  3.880200386E+00
1.047223565E+01  3.723446369E+00
1.048331152E+01  2.874253988E+00
1.049438739E+01  2.170493126E+00
1.050546326E+01  1.543540716E+00
1.051653914E+01  1.710909367E+00
1.052761501E+01  1.504737377E+00
1.053869088E+01  1.664636731E+00
1.054976675E+01  1.881881237E+00
1.056084262E+01  1.966033578E+00
1.057191849E+01  1.975926161E+00
1.058299436E+01  1.959285855E+00
1.059407023E+01  1.776951551E+00
1.060514610E+01  1.065644026E+00
1.061622197E+01  5.983167291E-01
1.062729784E+01  2.974615395E-01
1.063837371E+01  8.596204519E-01
1.064944958E+01  8.449854255E-01
1.066052545E+01  1.407744646E+00
1.067160132E+01  1.823670506E+00
1.068267719E+01  1.196662664E+00
1.069375306E+01  8.187330365E-01
1.070482894E+01  2.360460907E-01
1.071590481E+01  4.410570562E-01
1.072698068E+01  5.144799948E-01
1.073805655E+01  1.316449523E+00
1.074913242E+01  1.506052017E+00
1.076020829E+01  1.947820067E+00
1.077128416E+01  2.275207996E+00
1.078236003E+01  2.049162149E+00
1.079343590E+01  3.329897404E+00
1.080451177E+01  3.670794010E+00
1.081558764E+01  4.024646282E+00
1.082666351E+01  3.546155453E+00
1.083773938E+01  3.277472496E+00
1.084881525E+01  2.602547407E+00
1.085989112E+01  2.147761345E+00
1.087096699E+01  1.333319545E+00
1.088204286E+01  1.190511107E+00
1.089311874E+01  1.417617321E+00
1.090419461E+01  1.152983069E+00
1.091527048E+01  1.267863035E+00
1.092634635E+01  1.357632756E+00
1.093742222E+01  1.883755922E+00
1.094849809E+01  1.370073915E+00
1.095957396E+01  1.118137360E+00
1.097064983E+01  9.512243867E-01
1.098172570E+01  2.431015730E+00
1.099280157E+01  3.187550545E+00
1.100387744E+01  4.432531834E+00
1.101495331E+01  5.530737877E+00
1.102602918E+01  6.646139622E+00
1.103710505E+01  6.775348663E+00
1.104818092E+01  6.029721737E+00
1.105925679E+01  5.143537521E+00
1.107033267E+01  3.734864235E+00
1.108140854E+01  3.034071684E+00
1.109248441E+01  2.428755522E+00
1.110356028E+01  2.960196257E+00
1.111463615E+01  2.635004759E+00
1.112571202E+01  2.383496284E+00
1.113678789E+01  2.233641148E+00
1.114786376E+01  2.135526657E+00
1.115893963E+01  2.128594637E+00
1.117001550E+01  2.374965906E+00
1.118109137E+01  3.065690041E+00
1.119216724E+01  3.661468983E+00
1.120324311E+01  4.434770584E+00
1.121431898E+01  4.205668926E+00
1.122539485E+01  4.098802090E+00
1.123647072E+01  3.064735174E+00
1.124754659E+01  2.580520630E+00
1.125862247E+01  2.429851055E+00
1.126969834E+01  1.972223401E+00
1.128077421E+01  2.417964458E+00
1.129185008E+01  2.746320248E+00
1.130292595E+01  3.614515543E+00
1.131400182E+01  3.787928343E+00
1.132507769E+01  4.249587536E+00
1.133615356E+01  4.019997120E+00
1.134722943E+01  4.073275566E+00
1.135830530E+01  3.463494778E+00
1.136938117E+01  3.985207319E+00
1.138045704E+01  3.837262154E+00
1.139153291E+01  3.792360544E+00
1.140260878E+01  3.066076040E+00
1.141368465E+01  3.311725855E+00
1.142476052E+01  3.433361292E+00
1.143583639E+01  4.145946503E+00
1.144691227E+01  5.031756401E+00
1.145798814E+01  5.437960148E+00
1.146906401E+01  6.303767204E+00
1.148013988E+01  5.647125721E+00
1.149121575E+01  6.162496567E+00
1.150229162E+01  6.665681362E+00
1.151336749E+01  7.720162868E+00
1.152444336E+01  8.022359848E+00
1.153551923E+01  7.341082096E+00
1.154659510E+01  6.608101845E+00
1.155767097E+01  5.915840149E+00
1.156874684E+01  5.677152157E+00
1.157982271E+01  5.345789909E+00
1.159089858E+01  5.920184612E+00
1.160197445E+01  5.224939823E+00
1.161305032E+01  5.171820164E+00
1.162412620E+01  4.355820179E+00
1.163520207E+01  3.934678555E+00
1.164627794E+01  3.592381954E+00
1.165735381E+01  3.704812765E+00
1.166842968E+01  3.814725399E+00
1.167950555E+01  4.009797573E+00
1.169058142E+01  4.431053638E+00
1.170165729E+01  5.031651974E+00
1.171273316E+01  5.280622482E+00
1.172380903E+01  5.002099037E+00
1.173488490E+01  4.448194027E+00
1.174596077E+01  3.664723158E+00
1.175703664E+01  3.489372730E+00
1.176811251E+01  2.915713310E+00
1.177918838E+01  2.867248058E+00
1.179026425E+01  3.205102921E+00
1.180134012E+01  3.159544230E+00
1.181241600E+01  3.644921303E+00
1.182349187E+01  4.135763168E+00
1.183456774E+01  5.576814175E+00
1.184564361E+01  5.994483471E+00
1.185671948E+01  7.382830620E+00
1.186779535E+01  7.301100254E+00
1.187887122E+01  7.796206951E+00
1.188994709E+01  7.072657108E+00
1.190102296E+01  6.748407841E+00
1.191209883E+01  5.783822060E+00
1.192317470E+01  5.669168472E+00
1.193425057E+01  5.937803745E+00
1.194532644E+01  5.731726170E+00
1.195640231E+01  7.006164074E+00
1.196747818E+01  7.208286285E+00
1.197855405E+01  8.056499481E+00
1.198962993E+01  7.462199688E+00
1.200070580E+01  7.924794674E+00
1.201178167E+01  6.534141064E+00
1.202285754E+01  5.753140450E+00
1.203393341E+01  4.469982624E+00
1.204500928E+01  4.299295425E+00
1.205608515E+01  4.367664814E+00
1.206716102E+01  4.804480553E+00
1.207823689E+01  5.623039246E+00
1.208931276E+01  6.108850956E+00
1.210038863E+01  6.452083588E+00
1.211146450E+01  5.704107285E+00
1.212254037E+01  6.190578938E+00
1.213361624E+01  6.347381115E+00
1.214469211E+01  7.296304226E+00
1.215576798E+01  7.017166138E+00
1.216684385E+01  7.175937653E+00
1.217791973E+01  7.532334328E+00
1.218899560E+01  8.382444382E+00
1.220007147E+01  9.059582710E+00
1.221114734E+01  9.414757729E+00
1.222222321E+01  1.010451794E+01
1.223329908E+01  1.006824207E+01
1.224437495E+01  9.419622421E+00
1.225545082E+01  7.730473042E+00
1.226652669E+01  6.899512291E+00
1.227760256E+01  5.917003632E+00
1.228867843E+01  5.250135899E+00
1.229975430E+01  4.790655136E+00
1.231083017E+01  4.953861237E+00
1.232190604E+01  5.580588341E+00
1.233298191E+01  6.148996353E+00
1.234405778E+01  6.075595856E+00
1.235513365E+01  5.487586498E+00
1.236620953E+01  5.634358406E+00
1.237728540E+01  5.387247086E+00
1.238836127E+01  6.015655041E+00
1.239943714E+01  5.945112228E+00
1.241051301E+01  6.400461674E+00
1.242158888E+01  5.564308643E+00
1.243266475E+01  4.835442543E+00
1.244374062E+01  3.937847376E+00
1.245481649E+01  3.668259859E+00
1.246589236E+01  3.815236568E+00
1.247696823E+01  4.181128025E+00
1.248804410E+01  4.029466152E+00
1.249911997E+01  3.535281897E+00
1.251019584E+01  2.793771982E+00
1.252127171E+01  1.658801317E+00
1.253234758E+01  2.024030685E+00
1.254342346E+01  1.874674559E+00
1.255449933E+01  2.494777441E+00
1.256557520E+01  2.356007338E+00
1.257665107E+01  2.501568079E+00
1.258772694E+01  2.674372673E+00
1.259880281E+01  3.152249098E+00
1.260987868E+01  2.823745966E+00
1.262095455E+01  2.282860041E+00
1.263203042E+01  1.884211183E+00
1.264310629E+01  8.326433301E-01
1.265418216E+01  2.639123797E-01
1.266525803E+01  -3.644085303E-02
1.267633390E+01  9.223291874E-01
1.268740977E+01  7.499914765E-01
1.269848564E+01  1.194991946E+00
1.270956151E+01  1.390913486E+00
1.272063738E+01  1.889557719E+00
1.273171326E+01  2.124933720E+00
1.274278913E+01  2.225270510E+00
1.275386500E+01  1.971268892E+00
1.276494087E+01  1.543171763E+00
1.277601674E+01  1.967663884E+00
1.278709261E+01  1.582349539E+00
1.279816848E+01  1.613755703E+00
1.280924435E+01  1.146935821E+00
1.282032022E+01  2.157697678E+00
1.283139609E+01  1.984770179E+00
1.284247196E+01  2.749726057E+00
1.285354783E+01  2.195482969E+00
1.286462370E+01  1.523582816E+00
1.287569957E+01  3.493927717E-01
1.288677544E+01  -1.982855052E-01
1.289785131E+01  -5.459418297E-01
1.290892718E+01  -9.144930243E-01
1.292000306E+01  1.169961840E-01
1.293107893E+01  5.429536700E-01
1.294215480E+01  1.470850587E+00
1.295323067E+01  8.071142435E-01
1.296430654E+01  1.200365543E+00
1.297538241E+01  1.206335425E+00
1.298645828E+01  1.362816095E+00
1.299753415E+01  6.706175804E-01
1.300861002E+01  5.720837116E-01
1.301968589E+01  1.262858868E+00
1.303076176E+01  1.759881139E+00
1.304183763E+01  2.089981079E+00
1.305291350E+01  2.390588284E+00
1.306398937E+01  2.800968170E+00
1.307506524E+01  2.894227505E+00
1.308614111E+01  3.712713957E+00
1.309721699E+01  2.918530226E+00
1.310829286E+01  3.531812906E+00
1.311936873E+01  3.271310329E+00
1.313044460E+01  4.197202682E+00
1.314152047E+01  4.077436924E+00
1.315259634E+01  4.965482235E+00
1.316367221E+01  4.689713001E+00
1.317474808E+01  4.342174530E+00
1.318582395E+01  3.729147434E+00
1.319689982E+01  2.854909897E+00
1.320797569E+01  2.896347284E+00
1.321905156E+01  2.399729252E+00
1.323012743E+01  2.590157747E+00
1.324120330E+01  1.720321655E+00
1.325227917E+01  2.392517090E+00
1.326335504E+01  1.566949010E+00
1.327443091E+01  1.923302531E+00
1.328550679E+01  1.342798591E+00
1.329658266E+01  1.263051748E+00
1.330765853E+01  1.295623779E+00
1.331873440E+01  1.492869020E+00
1.332981027E+01  1.811923623E+00
1.334088614E+01  1.795491099E+00
1.335196201E+01  2.189395905E+00
1.336303788E+01  2.335039139E+00
1.337411375E+01  3.065761089E+00
1.338518962E+01  2.981132269E+00
1.339626549E+01  4.045952797E+00
1.340734136E+01  4.348553181E+00
1.341841723E+01  5.399376869E+00
1.342949310E+01  5.241089821E+00
1.344056897E+01  5.315155029E+00
1.345164484E+01  4.727213860E+00
1.346272071E+01  4.587298393E+00
1.347379659E+01  4.525696278E+00
1.348487246E+01  3.858725548E+00
1.349594833E+01  4.290637493E+00
1.350702420E+01  4.489665508E+00
1.351810007E+01  5.350479126E+00
1.352917594E+01  5.208047867E+00
1.354025181E+01  5.497432709E+00
1.355132768E+01  4.861941338E+00
1.356240355E+01  5.148853779E+00
1.357347942E+01  5.218261719E+00
1.358455529E+01  6.160963535E+00
1.359563116E+01  6.812747955E+00
1.360670703E+01  6.753658295E+00
1.361778290E+01  6.982556820E+00
1.362885877E+01  7.649789333E+00
1.363993464E+01  8.912775040E+00
1.365101052E+01  1.005478477E+01
1.366208639E+01  1.047724438E+01
1.367316226E+01  1.231851578E+01
1.368423813E+01  1.368094444E+01
1.369531400E+01  1.179663277E+01
1.370638987E+01  9.435153008E+00
1.371746574E+01  8.822615623E+00
1.372854161E+01  8.311471939E+00
1.373961748E+01  8.096208572E+00
1.375069335E+01  8.347261429E+00
1.376176922E+01  8.468461037E+00
1.377284509E+01  8.346423149E+00
1.378392096E+01  8.283409119E+00
1.379499683E+01  7.837172985E+00
1.380607270E+01  7.301304340E+00
1.381714857E+01  6.024201393E+00
1.382822444E+01  6.246349335E+00
1.383930032E+01  5.646954060E+00
1.385037619E+01  6.054633141E+00
1.386145206E+01  5.110625267E+00
1.387252793E+01  5.671257019E+00
1.388360380E+01  5.179279804E+00
1.389467967E+01  5.509940147E+00
1.390575554E+01  4.954012871E+00
1.391683141E+01  3.964869976E+00
1.392790728E+01  2.446202040E+00
1.393898315E+01  1.245792270E+00
1.395005902E+01  6.038815379E-01
1.396113489E+01  5.500186682E-01
1.397221076E+01  9.776459336E-01
1.398328663E+01  1.015925646E+00
1.399436250E+01  1.355545878E+00
1.400543837E+01  2.932762206E-01
1.401651424E+01  3.196148574E-01
1.402759012E+01  -4.719097018E-01
1.403866599E+01  2.297655493E-02
1.404974186E+01  1.423158199E-01
1.406081773E+01  1.350426227E-01
1.407189360E+01  -4.848854244E-02
1.408296947E+01  3.064851761E-01
1.409404534E+01  6.344575286E-01
1.410512121E+01  6.193162799E-01
1.411619708E+01  4.321364462E-01
1.412727295E+01  1.500037163E-01
1.413834882E+01  1.192956790E-01
1.414942469E+01  2.428562380E-02
1.416050056E+01  6.294521689E-01
1.417157643E+01  3.917839527E-01
1.418265230E+01  3.297985494E-01
1.419372817E+01  1.159494668E-01
1.420480405E+01  7.120023370E-01
1.421587992E+01  8.591474295E-01
1.422695579E+01  1.403804898E+00
1.423803166E+01  1.735613704E+00
1.424910753E+01  1.849687099E+00
1.426018340E+01  1.683892965E+00
1.427125927E+01  1.510089159E+00
1.428233514E+01  1.311687231E+00
1.429341101E+01  8.732516766E-01
1.430448688E+01  9.007391930E-01
1.431556275E+01  7.924951315E-01
1.432663862E+01  1.066620946E+00
1.433771449E+01  8.790412545E-01
1.434879036E+01  1.187443614E+00
1.435986623E+01  9.310882688E-01
1.437094210E+01  6.875463128E-01
1.438201797E+01  -6.533747911E-02
1.439309385E+01  2.042416185E-01
1.440416972E+01  2.387865633E-01
1.441524559E+01  4.558538496E-01
1.442632146E+01  5.785465240E-01
1.443739733E+01  4.478919506E-01
1.444847320E+01  -1.037451923E-01
1.445954907E+01  5.788374692E-02
1.447062494E+01  6.794580817E-01
1.448170081E+01  9.206248522E-01
1.449277668E+01  7.784368992E-01
1.450385255E+01  4.943352640E-01
1.451492842E+01  1.014842391E+00
1.452600429E+01  9.703214765E-01
1.453708016E+01  7.802011967E-01
1.454815603E+01  -1.368197650E-01
1.455923190E+01  -9.434000403E-02
1.457030777E+01  8.012798429E-02
1.458138365E+01  1.329947710E+00
1.459245952E+01  2.052219629E+00
1.460353539E+01  2.027102947E+00
1.461461126E+01  1.822110653E+00
1.462568713E+01  1.592648387E+00
1.463676300E+01  1.467510939E+00
1.464783887E+01  9.956597686E-01
1.465891474E+01  1.015119195E+00
1.466999061E+01  1.080344439E+00
1.468106648E+01  1.362856150E+00
1.469214235E+01  1.256953001E+00
1.470321822E+01  2.101025105E+00
1.471429409E+01  2.484560013E+00
1.472536996E+01  3.816625357E+00
1.473644583E+01  3.718078852E+00
1.474752170E+01  3.790245771E+00
1.475859758E+01  2.976490974E+00
1.476967345E+01  2.859215736E+00
1.478074932E+01  2.940985441E+00
1.479182519E+01  3.594357967E+00
1.480290106E+01  4.081538200E+00
1.481397693E+01  4.053033352E+00
1.482505280E+01  4.122239113E+00
1.483612867E+01  4.680867672E+00
1.484720454E+01  6.019922256E+00
1.485828041E+01  6.581279278E+00
1.486935628E+01  7.152150631E+00
1.488043215E+01  6.461028099E+00
1.489150802E+01  6.028880596E+00
1.490258389E+01  5.401941299E+00
1.491365976E+01  5.299658775E+00
1.492473563E+01  4.942086220E+00
1.493581150E+01  5.612261772E+00
1.494688738E+01  6.393269062E+00
1.495796325E+01  7.449118614E+00
1.496903912E+01  8.482392311E+00
1.498011499E+01  8.796496391E+00
1.499119086E+01  9.522469521E+00
1.500226673E+01  1.093087482E+01
1.501334260E+01  1.427053833E+01
1.502441847E+01  1.756604195E+01
1.503549434E+01  2.302457619E+01
1.504657021E+01  2.303155518E+01
1.505764608E+01  2.075522041E+01
1.506872195E+01  1.432243156E+01
1.507979782E+01  1.208635616E+01
1.509087369E+01  1.066017246E+01
1.510194956E+01  1.107245731E+01
1.511302543E+01  1.076535797E+01
1.512410130E+01  1.081443977E+01
1.513517718E+01  1.064291954E+01
1.514625305E+01  1.114752197E+01
1.515732892E+01  1.085961151E+01
1.516840479E+01  1.073449707E+01
1.517948066E+01  1.019782162E+01
1.519055653E+01  1.008403873E+01
1.520163240E+01  9.972227097E+00
1.521270827E+01  1.002178192E+01
1.522378414E+01  1.047034454E+01
1.523486001E+01  1.011231518E+01
1.524593588E+01  1.013161850E+01
1.525701175E+01  9.463395119E+00
1.526808762E+01  9.022887230E+00
1.527916349E+01  7.833487034E+00
1.529023936E+01  7.858893871E+00
1.530131523E+01  6.934874535E+00
1.531239111E+01  6.733131886E+00
1.532346698E+01  6.169628620E+00
1.533454285E+01  6.596728802E+00
1.534561872E+01  6.463839531E+00
1.535669459E+01  7.455842495E+00
1.536777046E+01  7.418870926E+00
1.537884633E+01  7.671959877E+00
1.538992220E+01  7.435997963E+00
1.540099807E+01  7.548451424E+00
1.541207394E+01  7.536361694E+00
1.542314981E+01  7.231823444E+00
1.543422568E+01  7.114392281E+00
1.544530155E+01  6.491018772E+00
1.545637742E+01  7.439281940E+00
1.546745329E+01  7.142598152E+00
1.547852916E+01  7.985067368E+00
1.548960503E+01  7.921958447E+00
1.550068091E+01  8.335909843E+00
1.551175678E+01  7.667544365E+00
1.552283265E+01  7.739445210E+00
1.553390852E+01  7.328786850E+00
1.554498439E+01  7.633766651E+00
1.555606026E+01  6.920821190E+00
1.556713613E+01  6.907194614E+00
1.557821200E+01  6.560988426E+00
1.558928787E+01  6.953943729E+00
1.560036374E+01  7.298185825E+00
1.561143961E+01  7.960626602E+00
1.562251548E+01  8.218582153E+00
1.563359135E+01  7.144413948E+00
1.564466722E+01  6.211853981E+00
1.565574309E+01  4.293929100E+00
1.566681896E+01  3.053707838E+00
1.567789483E+01  2.339319706E+00
1.568897071E+01  2.745845079E+00
1.570004658E+01  2.161824465E+00
1.571112245E+01  3.077118397E+00
1.572219832E+01  2.911156654E+00
1.573327419E+01  3.722408056E+00
1.574435006E+01  3.097420692E+00
1.575542593E+01  3.271548510E+00
1.576650180E+01  2.151046038E+00
1.577757767E+01  1.665240288E+00
1.578865354E+01  9.160683155E-01
1.579972941E+01  1.369115710E+00
1.581080528E+01  1.081278443E+00
1.582188115E+01  8.200245500E-01
1.583295702E+01  7.488195896E-01
1.584403289E+01  3.757342994E-01
1.585510876E+01  5.878682733E-01
1.586618464E+01  6.641672850E-01
1.587726051E+01  1.199861407E+00
1.588833638E+01  8.678173423E-01
1.589941225E+01  1.166829109E+00
1.591048812E+01  6.995722055E-01
1.592156399E+01  1.495478749E+00
1.593263986E+01  1.488765121E+00
1.594371573E+01  2.551634789E+00
1.595479160E+01  2.741836071E+00
1.596586747E+01  3.741993427E+00
1.597694334E+01  3.351062536E+00
1.598801921E+01  3.718460083E+00
1.599909508E+01  3.693795681E+00
1.601017095E+01  4.619718075E+00
1.602124682E+01  6.166875839E+00
1.603232269E+01  6.861992836E+00
1.604339856E+01  8.286965370E+00
1.605447444E+01  7.730716705E+00
1.606555031E+01  8.088613510E+00
1.607662618E+01  6.793978691E+00
1.608770205E+01  7.425274849E+00
1.609877792E+01  6.268723488E+00
1.610985379E+01  6.977605820E+00
1.612092966E+01  6.788206577E+00
1.613200553E+01  7.186805248E+00
1.614308140E+01  6.680062771E+00
1.615415727E+01  6.569067478E+00
1.616523314E+01  5.590206623E+00
1.617630901E+01  4.843751907E+00
1.618738488E+01  3.897256851E+00
1.619846075E+01  4.466583729E+00
1.620953662E+01  5.649304390E+00
1.622061249E+01  5.995377541E+00
1.623168836E+01  6.764839649E+00
1.624276424E+01  6.803660870E+00
1.625384011E+01  7.785807610E+00
1.626491598E+01  7.510365009E+00
1.627599185E+01  7.882980824E+00
1.628706772E+01  6.555513382E+00
1.629814359E+01  6.313728809E+00
1.630921946E+01  4.620635033E+00
1.632029533E+01  4.166531563E+00
1.633137120E+01  2.336172342E+00
1.634244707E+01  2.210108995E+00
1.635352294E+01  1.179681301E+00
1.636459881E+01  1.816890955E+00
1.637567468E+01  2.050671101E+00
1.638675055E+01  2.994279623E+00
1.639782642E+01  2.927964926E+00
1.640890229E+01  3.170548916E+00
1.641997817E+01  3.440755844E+00
1.643105404E+01  3.901401758E+00
1.644212991E+01  4.668915749E+00
1.645320578E+01  4.481799126E+00
1.646428165E+01  5.138369083E+00
1.647535752E+01  5.625786781E+00
1.648643339E+01  6.731997967E+00
1.649750926E+01  6.297441006E+00
1.650858513E+01  6.826620102E+00
1.651966100E+01  6.091378212E+00
1.653073687E+01  6.890051365E+00
1.654181274E+01  6.476668835E+00
1.655288861E+01  6.624919415E+00
1.656396448E+01  5.466651917E+00
1.657504035E+01  5.222099304E+00
1.658611622E+01  4.420951843E+00
1.659719209E+01  4.343759060E+00
1.660826797E+01  3.231163263E+00
1.661934384E+01  2.750449657E+00
1.663041971E+01  1.963199496E+00
1.664149558E+01  1.548556447E+00
1.665257145E+01  8.851365447E-01
1.666364732E+01  5.322293639E-01
1.667472319E+01  4.566050768E-01
1.668579906E+01  7.121116668E-02
1.669687493E+01  -3.342855275E-01
1.670795080E+01  -1.061882257E+00
1.671902667E+01  -3.640050292E-01
1.673010254E+01  -8.500022292E-01
1.674117841E+01  -1.115112081E-01
1.675225428E+01  -4.263151288E-01
1.676333015E+01  7.336001396E-01
1.677440602E+01  5.960890651E-01
1.678548190E+01  1.448465586E+00
1.679655777E+01  8.893340230E-01
1.680763364E+01  1.491064787E+00
1.681870951E+01  9.443251491E-01
1.682978538E+01  1.699925065E+00
1.684086125E+01  9.481871128E-01
1.685193712E+01  1.545215249E+00
1.686301299E+01  7.746139169E-01
1.687408886E+01  8.081807494E-01
1.688516473E+01  6.763652563E-01
1.689624060E+01  1.337848425E+00
1.690731647E+01  2.429542303E+00
1.691839234E+01  3.131824493E+00
1.692946821E+01  3.910357475E+00
1.694054408E+01  3.860938787E+00
1.695161995E+01  4.463892937E+00
1.696269582E+01  4.959316730E+00
1.697377170E+01  6.279206276E+00
1.698484757E+01  6.556367874E+00
1.699592344E+01  6.986478806E+00
1.700699931E+01  5.190878391E+00
1.701807518E+01  3.923599005E+00
1.702915105E+01  2.730667591E+00
1.704022692E+01  2.749909401E+00
1.705130279E+01  1.935555935E+00
1.706237866E+01  2.997332573E+00
1.707345453E+01  2.849309206E+00
1.708453040E+01  3.089758873E+00
1.709560627E+01  2.291561365E+00
1.710668214E+01  3.168096781E+00
1.711775801E+01  3.308108091E+00
1.712883388E+01  4.258463860E+00
1.713990975E+01  3.975818157E+00
1.715098562E+01  4.313547611E+00
1.716206150E+01  4.557396412E+00
1.717313737E+01  5.100767612E+00
1.718421324E+01  5.522360325E+00
1.719528911E+01  5.595812798E+00
1.720636498E+01  5.732082367E+00
1.721744085E+01  5.100419998E+00
1.722851672E+01  5.048168182E+00
1.723959259E+01  4.285207272E+00
1.725066846E+01  5.023118496E+00
1.726174433E+01  5.427939415E+00
1.727282020E+01  6.276782036E+00
1.728389607E+01  7.342595577E+00
1.729497194E+01  1.010840321E+01
1.730604781E+01  1.348629379E+01
1.731712368E+01  1.723184967E+01
1.732819955E+01  1.842254257E+01
1.733927543E+01  2.051193047E+01
1.735035130E+01  1.973151588E+01
1.736142717E+01  1.969352531E+01
1.737250304E+01  1.802714348E+01
1.738357891E+01  1.760775948E+01
1.739465478E+01  1.733552933E+01
1.740573065E+01  1.734595680E+01
1.741680652E+01  1.751781273E+01
1.742788239E+01  1.802527618E+01
1.743895826E+01  1.906155396E+01
1.745003413E+01  2.022878265E+01
1.746111000E+01  2.236748886E+01
1.747218587E+01  2.432149315E+01
1.748326174E+01  2.739444160E+01
1.749433761E+01  3.003389740E+01
1.750541348E+01  3.451871109E+01
1.751648935E+01  3.802104187E+01
1.752756523E+01  4.244778061E+01
1.753864110E+01  4.522718048E+01
1.754971697E+01  4.728712082E+01
1.756079284E+01  4.592900467E+01
1.757186871E+01  4.349587250E+01
1.758294458E+01  3.977276611E+01
1.759402045E+01  3.731120682E+01
1.760509632E+01  3.512609863E+01
1.761617219E+01  3.348173141E+01
1.762724806E+01  3.069658661E+01
1.763832393E+01  2.844145012E+01
1.764939980E+01  2.482118416E+01
1.766047567E+01  2.256126213E+01
1.767155154E+01  1.999103546E+01
1.768262741E+01  1.861869431E+01
1.769370328E+01  1.712613487E+01
1.770477915E+01  1.594220638E+01
1.771585503E+01  1.450967598E+01
1.772693090E+01  1.304230881E+01
1.773800677E+01  1.168576050E+01
1.774908264E+01  1.000988483E+01
1.776015851E+01  9.223576546E+00
1.777123438E+01  8.411347389E+00
1.778231025E+01  7.581417561E+00
1.779338612E+01  7.206122875E+00
1.780446199E+01  6.992913723E+00
1.781553786E+01  6.718578339E+00
1.782661373E+01  6.681761742E+00
1.783768960E+01  6.394736767E+00
1.784876547E+01  6.683866978E+00
1.785984134E+01  6.298249722E+00
1.787091721E+01  5.738940239E+00
1.788199308E+01  5.098794460E+00
1.789306896E+01  4.736785412E+00
1.790414483E+01  4.258593559E+00
1.791522070E+01  3.559575319E+00
1.792629657E+01  3.081476927E+00
1.793737244E+01  2.399225473E+00
1.794844831E+01  1.634015799E+00
1.795952418E+01  1.724304080E+00
1.797060005E+01  1.781278133E+00
1.798167592E+01  1.995106101E+00
1.799275179E+01  1.556566715E+00
1.800382766E+01  1.360907078E+00
1.801490353E+01  1.664823771E+00
1.802597940E+01  1.836219072E+00
1.803705527E+01  1.840406179E+00
1.804813114E+01  1.838253140E+00
1.805920701E+01  1.894801378E+00
1.807028288E+01  1.921159029E+00
1.808135876E+01  1.352479458E+00
1.809243463E+01  1.168224931E+00
1.810351050E+01  8.378444314E-01
1.811458637E+01  1.052707314E+00
1.812566224E+01  1.234770179E+00
1.813673811E+01  1.753250957E+00
1.814781398E+01  1.774971366E+00
1.815888985E+01  1.443310857E+00
1.816996572E+01  8.959077001E-01
1.818104159E+01  1.210336924E+00
1.819211746E+01  1.288265944E+00
1.820319333E+01  1.426133275E+00
1.821426920E+01  1.793786287E+00
1.822534507E+01  1.750276923E+00
1.823642094E+01  1.523305774E+00
1.824749681E+01  1.327752352E+00
1.825857268E+01  1.091383100E+00
1.826964856E+01  1.537859678E+00
1.828072443E+01  1.598726869E+00
1.829180030E+01  1.334432840E+00
1.830287617E+01  1.279545069E+00
1.831395204E+01  1.187867284E+00
1.832502791E+01  9.882510304E-01
1.833610378E+01  1.222095966E+00
1.834717965E+01  1.225356936E+00
1.835825552E+01  1.511967897E+00
1.836933139E+01  1.475868225E+00
1.838040726E+01  9.646118879E-01
1.839148313E+01  7.968241572E-01
1.840255900E+01  6.750003994E-02
1.841363487E+01  5.465639830E-01
1.842471074E+01  4.880749881E-01
1.843578661E+01  1.325905442E+00
1.844686249E+01  7.792106867E-01
1.845793836E+01  6.368530989E-01
1.846901423E+01  1.509292889E-02
1.848009010E+01  -4.084856436E-02
1.849116597E+01  -2.711809007E-03
1.850224184E+01  9.504938722E-01
1.851331771E+01  1.113520861E+00
1.852439358E+01  1.529419541E+00
1.853546945E+01  1.506506085E+00
1.854654532E+01  2.149125099E+00
1.855762119E+01  2.295514345E+00
1.856869706E+01  2.782211065E+00
1.857977293E+01  2.687336206E+00
1.859084880E+01  3.650297642E+00
1.860192467E+01  4.061487198E+00
1.861300054E+01  5.390770912E+00
1.862407641E+01  5.542347908E+00
1.863515229E+01  6.063123226E+00
1.864622816E+01  6.010140896E+00
1.865730403E+01  6.777729034E+00
1.866837990E+01  7.180998325E+00
1.867945577E+01  7.813139439E+00
1.869053164E+01  7.763563156E+00
1.870160751E+01  7.863016129E+00
1.871268338E+01  7.506089687E+00
1.872375925E+01  7.921118259E+00
1.873483512E+01  7.831187725E+00
1.874591099E+01  7.643100739E+00
1.875698686E+01  7.740465641E+00
1.876806273E+01  7.354668617E+00
1.877913860E+01  6.913992405E+00
1.879021447E+01  6.356361866E+00
1.880129034E+01  6.221016407E+00
1.881236621E+01  5.904247284E+00
1.882344209E+01  5.538913250E+00
1.883451796E+01  4.836236477E+00
1.884559383E+01  4.949573040E+00
1.885666970E+01  4.201949120E+00
1.886774557E+01  4.312625885E+00
1.887882144E+01  3.511232138E+00
1.888989731E+01  3.953902721E+00
1.890097318E+01  3.052014351E+00
1.891204905E+01  3.176652193E+00
1.892312492E+01  1.975626826E+00
1.893420079E+01  2.472717285E+00
1.894527666E+01  1.811079502E+00
1.895635253E+01  2.634960175E+00
1.896742840E+01  2.148778677E+00
1.897850427E+01  2.613100290E+00
1.898958014E+01  1.760772705E+00
1.900065602E+01  1.885917306E+00
1.901173189E+01  7.676346898E-01
1.902280776E+01  1.013267875E+00
1.903388363E+01  3.431924284E-01
1.904495950E+01  5.795874000E-01
1.905603537E+01  -2.075681388E-01
1.906711124E+01  9.553897977E-01
1.907818711E+01  8.718366027E-01
1.908926298E+01  1.672662377E+00
1.910033885E+01  1.086049080E+00
1.911141472E+01  1.274995208E+00
1.912249059E+01  6.919314861E-01
1.913356646E+01  8.935413361E-01
1.914464233E+01  4.520166218E-01
1.915571820E+01  1.195415020E+00
1.916679407E+01  7.442821860E-01
1.917786994E+01  7.687326074E-01
1.918894582E+01  2.876449227E-01
1.920002169E+01  7.537453771E-01
1.921109756E+01  4.601028264E-01
1.922217343E+01  6.376634836E-01
1.923324930E+01  6.024680138E-01
1.924432517E+01  7.787231803E-01
1.925540104E+01  5.552473068E-01
1.926647691E+01  2.776579261E-01
1.927755278E+01  3.481641114E-01
1.928862865E+01  4.288744032E-01
1.929970452E+01  4.886103272E-01
1.931078039E+01  4.100226164E-01
1.932185626E+01  6.699494720E-01
1.933293213E+01  3.326409161E-01
1.934400800E+01  4.538714886E-01
1.935508387E+01  9.558777511E-02
1.936615974E+01  4.172157049E-01
1.937723562E+01  5.874025822E-01
1.938831149E+01  1.241107941E+00
1.939938736E+01  5.372801423E-01
1.941046323E+01  6.182057261E-01
1.942153910E+01  2.335311323E-01
1.943261497E+01  2.688320160E+00
1.944369084E+01  1.675638199E+01
1.945476671E+01  2.873202896E+01
1.946584258E+01  3.962904739E+01
1.947691845E+01  4.424856949E+01
1.948799432E+01  4.676976395E+01
1.949907019E+01  3.992099380E+01
1.951014606E+01  2.791289520E+01
1.952122193E+01  1.161075974E+01
1.953229780E+01  3.017927885E+00
1.954337367E+01  1.060449243E+00
1.955444955E+01  1.760167629E-01
1.956552542E+01  9.857782125E-01
1.957660129E+01  3.955932260E-01
1.958767716E+01  1.490259647E+00
1.959875303E+01  1.059697747E+00
1.960982890E+01  2.308118820E+00
1.962090477E+01  1.663900614E+00
1.963198064E+01  2.486742496E+00
1.964305651E+01  2.017617226E+00
1.965413238E+01  2.988636017E+00
1.966520825E+01  2.474308014E+00
1.967628412E+01  2.678467989E+00
1.968735999E+01  1.525342345E+00
1.969843586E+01  1.715460777E+00
1.970951173E+01  7.826038599E-01
1.972058760E+01  9.793030620E-01
1.973166347E+01  2.617279999E-02
1.974273935E+01  8.312725425E-01
1.975381522E+01  5.440037847E-01
1.976489109E+01  1.174314022E+00
1.977596696E+01  1.507434398E-01
1.978704283E+01  3.944019675E-01
1.979811870E+01  2.380384207E-01
1.980919457E+01  1.157853842E+00
1.982027044E+01  1.045536637E+00
1.983134631E+01  1.202892900E+00
1.984242218E+01  6.841931939E-01
1.985349805E+01  4.844664335E-01
1.986457392E+01  1.283062100E-01
1.987564979E+01  4.337253571E-01
1.988672566E+01  4.852386117E-01
1.989780153E+01  1.002757788E+00
1.990887740E+01  8.341438770E-01
1.991995327E+01  8.187911510E-01
1.993102915E+01  6.957668066E-01
1.994210502E+01  8.791375756E-01
1.995318089E+01  1.138569593E+00
1.996425676E+01  1.582417607E+00
1.997533263E+01  1.506415367E+00
1.998640850E+01  1.449640751E+00
1.999748437E+01  1.366630554E+00
2.000856024E+01  1.705745578E+00
2.001963611E+01  1.637987375E+00
2.003071198E+01  1.351610661E+00
2.004178785E+01  9.169268608E-01
2.005286372E+01  9.587251544E-01
2.006393959E+01  1.317096829E+00
2.007501546E+01  1.830392003E+00
2.008609133E+01  1.912488103E+00
2.009716720E+01  1.414666653E+00
2.010824308E+01  9.378070831E-01
2.011931895E+01  4.041647613E-01
2.013039482E+01  5.179439783E-01
2.014147069E+01  7.419231534E-01
2.015254656E+01  8.480565548E-01
2.016362243E+01  6.114478707E-01
2.017469830E+01  6.005772352E-01
2.018577417E+01  2.727049291E-01
2.019685004E+01  8.705451488E-01
2.020792591E+01  1.136872411E+00
2.021900178E+01  1.622451425E+00
2.023007765E+01  1.534494042E+00
2.024115352E+01  1.493991375E+00
2.025222939E+01  1.145949960E+00
2.026330526E+01  1.410986304E+00
2.027438113E+01  1.350566626E+00
2.028545700E+01  1.446187496E+00
2.029653288E+01  1.087232828E+00
2.030760875E+01  1.221550703E+00
2.031868462E+01  9.867399931E-01
2.032976049E+01  1.548588872E+00
2.034083636E+01  1.750302196E+00
2.035191223E+01  2.483588934E+00
2.036298810E+01  2.689935923E+00
2.037406397E+01  3.309937239E+00
2.038513984E+01  2.785539627E+00
2.039621571E+01  2.757048607E+00
2.040729158E+01  2.247437477E+00
2.041836745E+01  2.058324814E+00
2.042944332E+01  2.076412916E+00
2.044051919E+01  2.294829369E+00
2.045159506E+01  2.005187273E+00
2.046267093E+01  2.133808374E+00
2.047374680E+01  1.477792740E+00
2.048482268E+01  1.311696649E+00
2.049589855E+01  5.943115950E-01
2.050697442E+01  4.903310537E-01
2.051805029E+01  -1.934874505E-01
2.052912616E+01  9.477905184E-02
2.054020203E+01  -2.264215052E-01
2.055127790E+01  1.663665473E-01
2.056235377E+01  6.286484748E-02
2.057342964E+01  6.307313442E-01
2.058450551E+01  4.112232029E-01
2.059558138E+01  7.843497992E-01
2.060665725E+01  5.168550611E-01
2.061773312E+01  5.327977538E-01
2.062880899E+01  2.255735695E-01
2.063988486E+01  5.606423020E-01
2.065096073E+01  5.606905222E-01
2.066203661E+01  1.104011178E+00
2.067311248E+01  7.995817065E-01
2.068418835E+01  5.018851161E-01
2.069526422E+01  -1.716776788E-01
2.070634009E+01  -7.616755087E-03
2.071741596E+01  -3.776855767E-01
2.072849183E+01  9.482685477E-02
2.073956770E+01  -1.505710483E-01
2.075064357E+01  1.235875711E-01
2.076171944E+01  -3.854559064E-01
2.077279531E+01  2.317704856E-01
2.078387118E+01  3.393003047E-01
2.079494705E+01  2.983289063E-01
2.080602292E+01  -2.829190530E-02
2.081709879E+01  2.197399586E-01
2.082817466E+01  -1.948772185E-02
2.083925053E+01  -1.684483290E-01
2.085032641E+01  -3.774726987E-01
2.086140228E+01  5.841044243E-03
2.087247815E+01  1.842553169E-01
