4.314051599E+00  -4.575689435E-01
4.325127469E+00  5.540804863E-01
4.336203340E+00  9.469015151E-02
4.347279211E+00  4.606576562E-01
4.358355081E+00  9.959304333E-01
4.369430952E+00  1.177194357E+00
4.380506822E+00  2.527569771E+00
4.391582693E+00  2.356200218E+00
4.402658564E+00  3.757834911E+00
4.413734434E+00  3.114164829E+00
4.424810305E+00  3.441443682E+00
4.435886175E+00  3.910435677E+00
4.446962046E+00  3.551900625E+00
4.458037917E+00  5.510718822E+00
4.469113787E+00  6.081808090E+00
4.480189658E+00  9.186920166E+00
4.491265528E+00  9.204509735E+00
4.502341399E+00  1.127104378E+01
4.513417270E+00  1.075742531E+01
4.524493140E+00  1.110017014E+01
4.535569011E+00  9.998209953E+00
4.546644881E+00  8.674959183E+00
4.557720752E+00  8.221987724E+00
4.568796623E+00  6.762305260E+00
4.579872493E+00  8.246608734E+00
4.590948364E+00  7.300669193E+00
4.602024234E+00  8.128300667E+00
4.613100105E+00  7.340013504E+00
4.624175976E+00  8.062127113E+00
4.635251846E+00  9.624191284E+00
4.646327717E+00  1.025933933E+01
4.657403587E+00  1.207963276E+01
4.668479458E+00  1.066200066E+01
4.679555329E+00  1.199680710E+01
4.690631199E+00  1.041162586E+01
4.701707070E+00  1.154222870E+01
4.712782941E+00  1.142207909E+01
4.723858811E+00  1.231815434E+01
4.734934682E+00  1.295333862E+01
4.746010552E+00  1.318619919E+01
4.757086423E+00  1.451913643E+01
4.768162294E+00  1.404254055E+01
4.779238164E+00  1.495427990E+01
4.790314035E+00  1.452937412E+01
4.801389905E+00  1.469147205E+01
4.812465776E+00  1.482177067E+01
4.823541647E+00  1.492204857E+01
4.834617517E+00  1.561865902E+01
4.845693388E+00  1.477870846E+01
4.856769258E+00  1.541639709E+01
4.867845129E+00  1.290430737E+01
4.878921000E+00  1.276012993E+01
4.889996870E+00  1.175395775E+01
4.901072741E+00  1.101521778E+01
4.912148611E+00  9.522788048E+00
4.923224482E+00  9.775900841E+00
4.934300353E+00  1.045883656E+01
4.945376223E+00  1.046497631E+01
4.956452094E+00  1.189109230E+01
4.967527964E+00  1.135095978E+01
4.978603835E+00  1.235733891E+01
4.989679706E+00  1.242721748E+01
5.000755576E+00  1.291191387E+01
5.011831447E+00  1.241493702E+01
5.022907317E+00  1.110694885E+01
5.033983188E+00  1.205671692E+01
5.045059059E+00  1.101054096E+01
5.056134929E+00  1.179607582E+01
5.067210800E+00  1.106050301E+01
5.078286670E+00  1.167226791E+01
5.089362541E+00  1.253456402E+01
5.100438412E+00  1.294031334E+01
5.111514282E+00  1.459768009E+01
5.122590153E+00  1.284039688E+01
5.133666023E+00  1.379646206E+01
5.144741894E+00  1.200800705E+01
5.155817765E+00  1.242054653E+01
5.166893635E+00  1.142533302E+01
5.177969506E+00  1.139278984E+01
5.189045376E+00  1.185561180E+01
5.200121247E+00  1.193758774E+01
5.211197118E+00  1.276508713E+01
5.222272988E+00  1.162989616E+01
5.233348859E+00  1.302008915E+01
5.244424729E+00  1.197829723E+01
5.255500600E+00  1.152137852E+01
5.266576471E+00  9.606839180E+00
5.277652341E+00  8.926652908E+00
5.288728212E+00  9.098172188E+00
5.299804082E+00  9.165341377E+00
5.310879953E+00  1.065021229E+01
5.321955824E+00  1.100142479E+01
5.333031694E+00  1.322701550E+01
5.344107565E+00  1.325685024E+01
5.355183435E+00  1.443163204E+01
5.366259306E+00  1.437937164E+01
5.377335177E+00  1.438513756E+01
5.388411047E+00  1.438776493E+01
5.399486918E+00  1.335803318E+01
5.410562788E+00  1.176290226E+01
5.421638659E+00  8.540737152E+00
5.432714530E+00  8.268305779E+00
5.443790400E+00  7.236954212E+00
5.454866271E+00  8.111793518E+00
5.465942141E+00  8.953677177E+00
5.477018012E+00  9.336393356E+00
5.488093883E+00  1.011070728E+01
5.499169753E+00  9.962473869E+00
5.510245624E+00  1.174149609E+01
5.521321494E+00  1.110069466E+01
5.532397365E+00  1.224842358E+01
5.543473236E+00  1.164025402E+01
5.554549106E+00  1.187276936E+01
5.565624977E+00  1.185276318E+01
5.576700847E+00  1.083275509E+01
5.587776718E+00  1.095421600E+01
5.598852589E+00  9.008055687E+00
5.609928459E+00  1.002374268E+01
5.621004330E+00  8.455700874E+00
5.632080200E+00  8.763999939E+00
5.643156071E+00  8.709883690E+00
5.654231942E+00  8.442320824E+00
5.665307812E+00  8.223462105E+00
5.676383683E+00  6.801931858E+00
5.687459553E+00  7.443708420E+00
5.698535424E+00  6.766839504E+00
5.709611295E+00  8.276106834E+00
5.720687165E+00  8.101302147E+00
5.731763036E+00  8.407263756E+00
5.742838906E+00  8.190376282E+00
5.753914777E+00  7.485969543E+00
5.764990648E+00  7.379909039E+00
5.776066518E+00  6.851003647E+00
5.787142389E+00  7.859013557E+00
5.798218259E+00  6.380169392E+00
5.809294130E+00  6.484198570E+00
5.820370001E+00  5.476655483E+00
5.831445871E+00  5.845209599E+00
5.842521742E+00  6.267577648E+00
5.853597612E+00  5.986401558E+00
5.864673483E+00  7.417399883E+00
5.875749354E+00  6.795485497E+00
5.886825224E+00  8.770958900E+00
5.897901095E+00  7.492634773E+00
5.908976965E+00  8.871271133E+00
5.920052836E+00  7.623394012E+00
5.931128707E+00  7.790704727E+00
5.942204577E+00  7.594330311E+00
5.953280448E+00  6.599741459E+00
5.964356318E+00  6.639850140E+00
5.975432189E+00  5.162420750E+00
5.986508060E+00  6.577486992E+00
5.997583930E+00  5.904688835E+00
6.008659801E+00  7.146811962E+00
6.019735671E+00  6.668696404E+00
6.030811542E+00  6.136932373E+00
6.041887413E+00  6.236052990E+00
6.052963283E+00  5.868605137E+00
6.064039154E+00  7.133426189E+00
6.075115024E+00  5.896689892E+00
6.086190895E+00  6.295324802E+00
6.097266766E+00  4.746539116E+00
6.108342636E+00  5.410345554E+00
6.119418507E+00  5.308460712E+00
6.130494377E+00  7.196863651E+00
6.141570248E+00  8.683716774E+00
6.152646119E+00  9.371336937E+00
6.163721989E+00  1.128746796E+01
6.174797860E+00  1.082290554E+01
6.185873730E+00  1.290153980E+01
6.196949601E+00  1.477174091E+01
6.208025472E+00  1.848718834E+01
6.219101342E+00  2.190651321E+01
6.230177213E+00  2.389690018E+01
6.241253083E+00  2.509032631E+01
6.252328954E+00  2.456604576E+01
6.263404825E+00  2.535644722E+01
6.274480695E+00  2.235160637E+01
6.285556566E+00  2.110004997E+01
6.296632436E+00  1.640887070E+01
6.307708307E+00  1.345198250E+01
6.318784178E+00  1.024157238E+01
6.329860048E+00  9.033119202E+00
6.340935919E+00  8.287186623E+00
6.352011789E+00  7.815538883E+00
6.363087660E+00  7.786758423E+00
6.374163531E+00  6.480268002E+00
6.385239401E+00  6.627274513E+00
6.396315272E+00  4.781738758E+00
6.407391142E+00  4.592591763E+00
6.418467013E+00  4.581929684E+00
6.429542884E+00  5.036859989E+00
6.440618754E+00  4.850564957E+00
6.451694625E+00  4.182698727E+00
6.462770495E+00  4.372109413E+00
6.473846366E+00  3.840155363E+00
6.484922237E+00  4.513557434E+00
6.495998107E+00  3.056942701E+00
6.507073978E+00  3.732094288E+00
6.518149848E+00  4.202397823E+00
6.529225719E+00  5.062866688E+00
6.540301590E+00  6.160578728E+00
6.551377460E+00  5.911447525E+00
6.562453331E+00  6.414481163E+00
6.573529201E+00  5.411252022E+00
6.584605072E+00  6.422497272E+00
6.595680943E+00  6.611031532E+00
6.606756813E+00  7.051158428E+00
6.617832684E+00  7.485869884E+00
6.628908554E+00  7.315619946E+00
6.639984425E+00  7.629207134E+00
6.651060296E+00  7.821571827E+00
6.662136166E+00  1.043413162E+01
6.673212037E+00  1.097350693E+01
6.684287907E+00  1.307826710E+01
6.695363778E+00  1.336036491E+01
6.706439649E+00  1.616710091E+01
6.717515519E+00  1.978388023E+01
6.728591390E+00  2.584498215E+01
6.739667260E+00  3.355181885E+01
6.750743131E+00  4.567184830E+01
6.761819002E+00  5.951548767E+01
6.772894872E+00  7.648129272E+01
6.783970743E+00  9.911284637E+01
6.795046613E+00  1.167048187E+02
6.806122484E+00  1.295540924E+02
6.817198355E+00  1.327224426E+02
6.828274225E+00  1.263803864E+02
6.839350096E+00  1.126328278E+02
6.850425966E+00  1.022746811E+02
6.861501837E+00  8.818502045E+01
6.872577708E+00  7.575863647E+01
6.883653578E+00  6.347994232E+01
6.894729449E+00  5.152037048E+01
6.905805319E+00  4.154598618E+01
6.916881190E+00  3.339681244E+01
6.927957061E+00  2.808548737E+01
6.939032931E+00  2.337514114E+01
6.950108802E+00  1.902110100E+01
6.961184672E+00  1.695790291E+01
6.972260543E+00  1.426779079E+01
6.983336414E+00  1.276995564E+01
6.994412284E+00  1.010891342E+01
7.005488155E+00  8.390120506E+00
7.016564025E+00  7.566332340E+00
7.027639896E+00  7.219457150E+00
7.038715767E+00  7.659193516E+00
7.049791637E+00  6.210867405E+00
7.060867508E+00  5.706158161E+00
7.071943378E+00  3.147157192E+00
7.083019249E+00  2.726022959E+00
7.094095120E+00  2.438382387E+00
7.105170990E+00  2.524859667E+00
7.116246861E+00  3.150151968E+00
7.127322731E+00  2.521925926E+00
7.138398602E+00  3.236275673E+00
7.149474473E+00  2.964612484E+00
7.160550343E+00  3.898365736E+00
7.171626214E+00  2.942952871E+00
7.182702084E+00  3.670659065E+00
7.193777955E+00  3.367390156E+00
7.204853826E+00  3.477984667E+00
7.215929696E+00  3.284558058E+00
7.227005567E+00  2.843270302E+00
7.238081437E+00  3.233958721E+00
7.249157308E+00  2.947223425E+00
7.260233179E+00  3.628689289E+00
7.271309049E+00  2.168117762E+00
7.282384920E+00  2.311588287E+00
7.293460790E+00  1.943481803E+00
7.304536661E+00  2.546441078E+00
7.315612532E+00  2.786453485E+00
7.326688402E+00  2.158360004E+00
7.337764273E+00  2.560805082E+00
7.348840143E+00  2.393649578E+00
7.359916014E+00  3.140735149E+00
7.370991885E+00  1.703379750E+00
7.382067755E+00  1.580798030E+00
7.393143626E+00  3.615569770E-01
7.404219496E+00  6.345868707E-01
7.415295367E+00  7.988739014E-01
7.426371238E+00  1.095076919E+00
7.437447108E+00  2.263242483E+00
7.448522979E+00  1.772420049E+00
7.459598849E+00  2.440778732E+00
7.470674720E+00  1.126282573E+00
7.481750591E+00  2.182134390E+00
7.492826461E+00  1.574574709E+00
7.503902332E+00  2.327706099E+00
7.514978202E+00  2.731501818E+00
7.526054073E+00  3.257577419E+00
7.537129944E+00  4.147691727E+00
7.548205814E+00  3.622854710E+00
7.559281685E+00  3.992824078E+00
7.570357555E+00  2.403298378E+00
7.581433426E+00  2.734477282E+00
7.592509297E+00  2.203721762E+00
7.603585167E+00  2.317826748E+00
7.614661038E+00  2.733371019E+00
7.625736908E+00  2.410283327E+00
7.636812779E+00  2.017237425E+00
7.647888650E+00  1.232433796E+00
7.658964520E+00  2.110664368E+00
7.670040391E+00  1.763489842E+00
7.681116261E+00  3.053085804E+00
7.692192132E+00  2.466877937E+00
7.703268003E+00  2.461779356E+00
7.714343873E+00  2.065875053E+00
7.725419744E+00  2.183720112E+00
7.736495614E+00  2.843044043E+00
7.747571485E+00  2.336472750E+00
7.758647356E+00  3.500460863E+00
7.769723226E+00  2.804889679E+00
7.780799097E+00  3.570108414E+00
7.791874967E+00  2.711563110E+00
7.802950838E+00  2.648731232E+00
7.814026709E+00  3.373359442E+00
7.825102579E+00  3.848510027E+00
7.836178450E+00  6.335832119E+00
7.847254320E+00  7.808768749E+00
7.858330191E+00  1.102299118E+01
7.869406062E+00  1.228019238E+01
7.880481932E+00  1.536497498E+01
7.891557803E+00  1.517486000E+01
7.902633673E+00  1.552130508E+01
7.913709544E+00  1.366743088E+01
7.924785415E+00  1.174134636E+01
7.935861285E+00  9.162904739E+00
7.946937156E+00  7.317781925E+00
7.958013026E+00  7.219457150E+00
7.969088897E+00  7.734922886E+00
7.980164768E+00  1.095199490E+01
7.991240638E+00  1.393651295E+01
8.002316509E+00  1.724369240E+01
8.013392379E+00  1.960941124E+01
8.024468250E+00  2.039002609E+01
8.035544121E+00  2.210582924E+01
8.046619991E+00  2.165149879E+01
8.057695862E+00  2.162092972E+01
8.068771732E+00  1.910116959E+01
8.079847603E+00  1.738776779E+01
8.090923474E+00  1.372023106E+01
8.101999344E+00  1.238432884E+01
8.113075215E+00  1.076177406E+01
8.124151085E+00  1.002773094E+01
8.135226956E+00  9.920959473E+00
8.146302827E+00  8.435830116E+00
8.157378697E+00  8.709041595E+00
8.168454568E+00  7.635470390E+00
8.179530438E+00  9.254518509E+00
8.190606309E+00  9.043696404E+00
8.201682180E+00  1.165531445E+01
8.212758050E+00  1.155943203E+01
8.223833921E+00  1.084683132E+01
8.234909791E+00  9.520401955E+00
8.245985662E+00  8.319727898E+00
8.257061533E+00  8.272599220E+00
8.268137403E+00  7.537175179E+00
8.279213274E+00  8.337655067E+00
8.290289144E+00  6.447922707E+00
8.301365015E+00  6.070205212E+00
8.312440886E+00  4.334709167E+00
8.323516756E+00  3.678528309E+00
8.334592627E+00  2.475525618E+00
8.345668497E+00  1.569902778E+00
8.356744368E+00  1.936602116E+00
8.367820239E+00  2.165681362E+00
8.378896109E+00  3.431918621E+00
8.389971980E+00  2.903748274E+00
8.401047850E+00  3.686255455E+00
8.412123721E+00  2.790901661E+00
8.423199592E+00  3.789578199E+00
8.434275462E+00  4.021272659E+00
8.445351333E+00  4.122829914E+00
8.456427203E+00  4.229391575E+00
8.467503074E+00  3.506013393E+00
8.478578945E+00  3.760824919E+00
8.489654815E+00  2.875692129E+00
8.500730686E+00  3.024481297E+00
8.511806556E+00  1.064293385E+00
8.522882427E+00  1.132021546E+00
8.533958298E+00  2.228433788E-01
8.545034168E+00  8.728377223E-01
8.556110039E+00  1.485278368E+00
8.567185909E+00  2.749823809E+00
8.578261780E+00  4.123474121E+00
8.589337651E+00  4.288579464E+00
8.600413521E+00  6.182378769E+00
8.611489392E+00  6.734795094E+00
8.622565262E+00  9.249172211E+00
8.633641133E+00  9.121022224E+00
8.644717004E+00  1.170069885E+01
8.655792874E+00  1.245965672E+01
8.666868745E+00  1.385458469E+01
8.677944615E+00  1.525721836E+01
8.689020486E+00  1.625633621E+01
8.700096357E+00  1.760906219E+01
8.711172227E+00  1.835914040E+01
8.722248098E+00  2.146194267E+01
8.733323968E+00  2.439665031E+01
8.744399839E+00  3.168223763E+01
8.755475710E+00  4.169608688E+01
8.766551580E+00  5.956789780E+01
8.777627451E+00  7.958911896E+01
8.788703321E+00  1.084435196E+02
8.799779192E+00  1.321669464E+02
8.810855063E+00  1.790486450E+02
8.821930933E+00  1.976787720E+02
8.833006804E+00  2.368130188E+02
8.844082674E+00  2.352022705E+02
8.855158545E+00  2.337588501E+02
8.866234416E+00  2.006284485E+02
8.877310286E+00  1.731026154E+02
8.888386157E+00  1.425399475E+02
8.899462027E+00  1.192655334E+02
8.910537898E+00  1.088554993E+02
8.921613769E+00  9.990192413E+01
8.932689639E+00  8.754009247E+01
8.943765510E+00  7.545767212E+01
8.954841380E+00  6.088562775E+01
8.965917251E+00  4.839785004E+01
8.976993122E+00  3.821236420E+01
8.988068992E+00  2.977656746E+01
8.999144863E+00  2.414221764E+01
9.010220733E+00  1.885935783E+01
9.021296604E+00  1.504796791E+01
9.032372475E+00  1.075612354E+01
9.043448345E+00  9.171660423E+00
9.054524216E+00  8.196886063E+00
9.065600086E+00  8.181850433E+00
9.076675957E+00  8.159093857E+00
9.087751828E+00  8.106945992E+00
9.098827698E+00  8.101140976E+00
9.109903569E+00  8.817015648E+00
9.120979439E+00  9.946863174E+00
9.132055310E+00  1.023021030E+01
9.143131181E+00  1.230770016E+01
9.154207051E+00  1.369581985E+01
9.165282922E+00  1.702689362E+01
9.176358792E+00  2.106177711E+01
9.187434663E+00  2.535281944E+01
9.198510534E+00  3.046884918E+01
9.209586404E+00  3.668839264E+01
9.220662275E+00  4.363811874E+01
9.231738145E+00  5.345690155E+01
9.242814016E+00  6.301174545E+01
9.253889887E+00  7.579941559E+01
9.264965757E+00  8.850819397E+01
9.276041628E+00  1.008429718E+02
9.287117498E+00  1.108078079E+02
9.298193369E+00  1.151961899E+02
9.309269240E+00  1.179380798E+02
9.320345110E+00  1.154382935E+02
9.331420981E+00  1.079128952E+02
9.342496851E+00  9.922348022E+01
9.353572722E+00  8.767998505E+01
9.364648593E+00  7.893231964E+01
9.375724463E+00  6.833777618E+01
9.386800334E+00  5.995493698E+01
9.397876205E+00  5.092808533E+01
9.408952075E+00  4.374145508E+01
9.420027946E+00  3.610327911E+01
9.431103816E+00  2.987193298E+01
9.442179687E+00  2.511148262E+01
9.453255558E+00  2.193847466E+01
9.464331428E+00  1.970822525E+01
9.475407299E+00  1.602507210E+01
9.486483169E+00  1.450372601E+01
9.497559040E+00  1.296116638E+01
9.508634911E+00  1.191883755E+01
9.519710781E+00  1.178209400E+01
9.530786652E+00  1.219737816E+01
9.541862522E+00  1.391989517E+01
9.552938393E+00  1.529530239E+01
9.564014264E+00  1.692682457E+01
9.575090134E+00  1.758113861E+01
9.586166005E+00  1.980262947E+01
9.597241875E+00  2.145147514E+01
9.608317746E+00  2.452726173E+01
9.619393617E+00  2.655007744E+01
9.630469487E+00  2.918491173E+01
9.641545358E+00  3.105109596E+01
9.652621228E+00  3.243764114E+01
9.663697099E+00  3.337611389E+01
9.674772970E+00  3.133654785E+01
9.685848840E+00  2.737272453E+01
9.696924711E+00  1.963913345E+01
9.708000581E+00  1.423337555E+01
9.719076452E+00  8.702639580E+00
9.730152323E+00  6.118161201E+00
9.741228193E+00  4.399442196E+00
9.752304064E+00  3.347455263E+00
9.763379934E+00  2.913441420E+00
9.774455805E+00  2.717954159E+00
9.785531676E+00  3.862992287E+00
9.796607546E+00  4.062616348E+00
9.807683417E+00  5.725344658E+00
9.818759287E+00  6.469170570E+00
9.829835158E+00  7.143410206E+00
9.840911029E+00  6.769867420E+00
9.851986899E+00  5.685165405E+00
9.863062770E+00  5.197243690E+00
9.874138640E+00  4.267484188E+00
9.885214511E+00  4.920870781E+00
9.896290382E+00  4.060073853E+00
9.907366252E+00  4.484983444E+00
9.918442123E+00  3.340462685E+00
9.929517993E+00  3.245131254E+00
9.940593864E+00  2.051621675E+00
9.951669735E+00  2.298603773E+00
9.962745605E+00  2.353974819E+00
9.973821476E+00  2.746036291E+00
9.984897346E+00  2.543132067E+00
9.995973217E+00  2.111583948E+00
1.000704909E+01  2.235076427E+00
1.001812496E+01  7.541838288E-01
1.002920083E+01  1.187463403E+00
1.004027670E+01  -5.587045550E-01
1.005135257E+01  -6.187059879E-01
1.006242844E+01  -1.240079999E+00
1.007350431E+01  -4.442856312E-01
1.008458018E+01  -5.878582597E-01
1.009565605E+01  -8.096755147E-01
1.010673192E+01  -4.459955394E-01
1.011780779E+01  -6.295782328E-01
1.012888366E+01  -5.042693764E-02
1.013995953E+01  -2.955099344E-01
1.015103541E+01  2.175239623E-01
1.016211128E+01  5.614157394E-02
1.017318715E+01  9.748297930E-01
1.018426302E+01  1.220271707E+00
1.019533889E+01  2.525609255E+00
1.020641476E+01  3.720917225E+00
1.021749063E+01  5.506152630E+00
1.022856650E+01  7.745222092E+00
1.023964237E+01  1.008036232E+01
1.025071824E+01  1.297376347E+01
1.026179411E+01  1.460271740E+01
1.027286998E+01  1.712498856E+01
1.028394585E+01  1.828649139E+01
1.029502172E+01  2.042152596E+01
1.030609759E+01  2.115675735E+01
1.031717346E+01  2.282467651E+01
1.032824933E+01  2.408944321E+01
1.033932521E+01  2.560265732E+01
1.035040108E+01  2.684270668E+01
1.036147695E+01  2.812722206E+01
1.037255282E+01  2.952005768E+01
1.038362869E+01  2.948998833E+01
1.039470456E+01  3.002641869E+01
1.040578043E+01  2.987804222E+01
1.041685630E+01  3.157822990E+01
1.042793217E+01  3.297615051E+01
1.043900804E+01  3.593941498E+01
1.045008391E+01  3.741473770E+01
1.046115978E+01  3.877756119E+01
1.047223565E+01  3.924291611E+01
1.048331152E+01  3.933175278E+01
1.049438739E+01  3.767794800E+01
1.050546326E+01  3.668502045E+01
1.051653914E+01  3.375809479E+01
1.052761501E+01  2.977090645E+01
1.053869088E+01  2.430350876E+01
1.054976675E+01  1.973209000E+01
1.056084262E+01  1.475119781E+01
1.057191849E+01  1.102840328E+01
1.058299436E+01  9.334057808E+00
1.059407023E+01  7.331700325E+00
1.060514610E+01  6.151298523E+00
1.061622197E+01  5.109216690E+00
1.062729784E+01  4.376550674E+00
1.063837371E+01  4.913333893E+00
1.064944958E+01  5.403712749E+00
1.066052545E+01  6.181121826E+00
1.067160132E+01  7.219001293E+00
1.068267719E+01  9.300721169E+00
1.069375306E+01  1.201823616E+01
1.070482894E+01  1.622472382E+01
1.071590481E+01  2.032291222E+01
1.072698068E+01  2.773736763E+01
1.073805655E+01  3.533661652E+01
1.074913242E+01  4.691202927E+01
1.076020829E+01  5.882820129E+01
1.077128416E+01  7.274304962E+01
1.078236003E+01  8.211233521E+01
1.079343590E+01  9.872530365E+01
1.080451177E+01  9.902767181E+01
1.081558764E+01  1.000429077E+02
1.082666351E+01  8.458644867E+01
1.083773938E+01  7.115684509E+01
1.084881525E+01  5.179557800E+01
1.085989112E+01  3.786699677E+01
1.087096699E+01  2.721651840E+01
1.088204286E+01  1.796481133E+01
1.089311874E+01  1.362522793E+01
1.090419461E+01  1.057219028E+01
1.091527048E+01  9.132376671E+00
1.092634635E+01  8.855593681E+00
1.093742222E+01  8.045783997E+00
1.094849809E+01  6.704142570E+00
1.095957396E+01  4.812806606E+00
1.097064983E+01  3.145891428E+00
1.098172570E+01  2.592489481E+00
1.099280157E+01  2.062188148E+00
1.100387744E+01  1.926720619E+00
1.101495331E+01  1.315742731E+00
1.102602918E+01  1.039563060E+00
1.103710505E+01  1.053010702E+00
1.104818092E+01  1.577384710E+00
1.105925679E+01  2.567983389E+00
1.107033267E+01  3.320794821E+00
1.108140854E+01  4.751184464E+00
1.109248441E+01  7.104588985E+00
1.110356028E+01  1.021445179E+01
1.111463615E+01  1.366189194E+01
1.112571202E+01  1.728681374E+01
1.113678789E+01  1.983085060E+01
1.114786376E+01  2.155101776E+01
1.115893963E+01  2.244700241E+01
1.117001550E+01  2.117913628E+01
1.118109137E+01  1.902555084E+01
1.119216724E+01  1.564169788E+01
1.120324311E+01  1.275017262E+01
1.121431898E+01  9.187708855E+00
1.122539485E+01  6.743072510E+00
1.123647072E+01  4.312579155E+00
1.124754659E+01  2.656198502E+00
1.125862247E+01  1.791600585E+00
1.126969834E+01  9.223766327E-01
1.128077421E+01  9.511030912E-01
1.129185008E+01  7.262905240E-01
1.130292595E+01  1.338404894E+00
1.131400182E+01  1.500606060E+00
1.132507769E+01  1.914227009E+00
1.133615356E+01  1.849707246E+00
1.134722943E+01  1.691881776E+00
1.135830530E+01  1.088541746E+00
1.136938117E+01  6.718700528E-01
1.138045704E+01  6.479009241E-02
1.139153291E+01  -2.433012575E-01
1.140260878E+01  2.680671960E-02
1.141368465E+01  1.124314904E+00
1.142476052E+01  1.684918642E+00
1.143583639E+01  2.082492828E+00
1.144691227E+01  2.679946184E+00
1.145798814E+01  3.216795921E+00
1.146906401E+01  4.544517994E+00
1.148013988E+01  4.692710400E+00
1.149121575E+01  4.677320957E+00
1.150229162E+01  3.808385134E+00
1.151336749E+01  2.879968882E+00
1.152444336E+01  1.622804642E+00
1.153551923E+01  1.547186136E+00
1.154659510E+01  1.702978730E+00
1.155767097E+01  1.644706249E+00
1.156874684E+01  1.956331372E+00
1.157982271E+01  2.133700848E+00
1.159089858E+01  2.567455292E+00
1.160197445E+01  2.042907238E+00
1.161305032E+01  1.841845393E+00
1.162412620E+01  7.116517425E-01
1.163520207E+01  1.310469657E-01
1.164627794E+01  -6.072432268E-03
1.165735381E+01  9.372458458E-01
1.166842968E+01  1.715642691E+00
1.167950555E+01  1.414825320E+00
1.169058142E+01  1.223050833E+00
1.170165729E+01  7.882992923E-02
1.171273316E+01  -2.109103203E-01
1.172380903E+01  -5.195334554E-01
1.173488490E+01  4.811408818E-01
1.174596077E+01  9.905134439E-01
1.175703664E+01  2.401469707E+00
1.176811251E+01  3.084435940E+00
1.177918838E+01  4.088305950E+00
1.179026425E+01  4.577695370E+00
1.180134012E+01  4.888237953E+00
1.181241600E+01  4.884129047E+00
1.182349187E+01  5.470817089E+00
1.183456774E+01  6.444127083E+00
1.184564361E+01  7.937766075E+00
1.185671948E+01  9.251324654E+00
1.186779535E+01  1.085760212E+01
1.187887122E+01  1.317958069E+01
1.188994709E+01  1.477182102E+01
1.190102296E+01  1.677309799E+01
1.191209883E+01  1.858535576E+01
1.192317470E+01  2.101408577E+01
1.193425057E+01  2.333069992E+01
1.194532644E+01  2.476082230E+01
1.195640231E+01  2.586073685E+01
1.196747818E+01  2.678730011E+01
1.197855405E+01  2.799311829E+01
1.198962993E+01  2.881492805E+01
1.200070580E+01  2.808639717E+01
1.201178167E+01  2.682353401E+01
1.202285754E+01  2.553793526E+01
1.203393341E+01  2.561897278E+01
1.204500928E+01  2.764544868E+01
1.205608515E+01  3.118929863E+01
1.206716102E+01  3.798942566E+01
1.207823689E+01  4.546549606E+01
1.208931276E+01  5.446499634E+01
1.210038863E+01  6.700933838E+01
1.211146450E+01  7.242141724E+01
1.212254037E+01  7.541180420E+01
1.213361624E+01  7.541576385E+01
1.214469211E+01  7.740515900E+01
1.215576798E+01  7.861756897E+01
1.216684385E+01  8.434646606E+01
1.217791973E+01  9.203578949E+01
1.218899560E+01  1.006129837E+02
1.220007147E+01  1.085009537E+02
1.221114734E+01  1.118630524E+02
1.222222321E+01  1.076643677E+02
1.223329908E+01  9.099020386E+01
1.224437495E+01  7.897638702E+01
1.225545082E+01  6.417655182E+01
1.226652669E+01  5.151347733E+01
1.227760256E+01  4.207982254E+01
1.228867843E+01  3.386912155E+01
1.229975430E+01  2.960718536E+01
1.231083017E+01  2.673172951E+01
1.232190604E+01  2.548599052E+01
1.233298191E+01  2.712040329E+01
1.234405778E+01  2.928784943E+01
1.235513365E+01  3.305575562E+01
1.236620953E+01  3.482760239E+01
1.237728540E+01  3.510708237E+01
1.238836127E+01  3.227104950E+01
1.239943714E+01  2.990815163E+01
1.241051301E+01  2.716159821E+01
1.242158888E+01  2.606754112E+01
1.243266475E+01  2.503164482E+01
1.244374062E+01  2.396275330E+01
1.245481649E+01  2.186553383E+01
1.246589236E+01  1.987784767E+01
1.247696823E+01  1.722422791E+01
1.248804410E+01  1.459406948E+01
1.249911997E+01  1.147645378E+01
1.251019584E+01  8.983530045E+00
1.252127171E+01  5.895914078E+00
1.253234758E+01  4.595927238E+00
1.254342346E+01  2.154872417E+00
1.255449933E+01  1.584502816E+00
1.256557520E+01  3.235940039E-01
1.257665107E+01  3.019116521E-01
1.258772694E+01  2.585714459E-01
1.259880281E+01  3.577630222E-01
1.260987868E+01  -4.898374677E-01
1.262095455E+01  -1.132559657E+00
1.263203042E+01  -1.167605758E+00
1.264310629E+01  -1.359385133E+00
1.265418216E+01  -1.309190512E+00
1.266525803E+01  -1.504757881E+00
1.267633390E+01  -1.084548235E+00
1.268740977E+01  -1.452492833E+00
1.269848564E+01  -1.420448661E+00
1.270956151E+01  -1.746772289E+00
1.272063738E+01  -2.016202211E+00
1.273171326E+01  -1.958218098E+00
1.274278913E+01  -1.510394692E+00
1.275386500E+01  -7.682493329E-02
1.276494087E+01  1.413286328E+00
1.277601674E+01  3.431037426E+00
1.278709261E+01  5.532888412E+00
1.279816848E+01  7.333194256E+00
1.280924435E+01  9.636897087E+00
1.282032022E+01  1.251972103E+01
1.283139609E+01  1.316948795E+01
1.284247196E+01  1.379089355E+01
1.285354783E+01  1.254045010E+01
1.286462370E+01  1.124962521E+01
1.287569957E+01  8.404092789E+00
1.288677544E+01  6.690847397E+00
1.289785131E+01  4.897133827E+00
1.290892718E+01  2.701212645E+00
1.292000306E+01  1.600584149E+00
1.293107893E+01  7.720944285E-01
1.294215480E+01  8.448827267E-01
1.295323067E+01  6.068012714E-01
1.296430654E+01  1.786884546E+00
1.297538241E+01  3.165943146E+00
1.298645828E+01  6.055688381E+00
1.299753415E+01  9.673731804E+00
1.300861002E+01  1.656509018E+01
1.301968589E+01  2.407252121E+01
1.303076176E+01  3.356394196E+01
1.304183763E+01  4.147087097E+01
1.305291350E+01  4.678136444E+01
1.306398937E+01  4.804706955E+01
1.307506524E+01  4.586993790E+01
1.308614111E+01  4.245921326E+01
1.309721699E+01  3.816904831E+01
1.310829286E+01  3.625983810E+01
1.311936873E+01  3.371853638E+01
1.313044460E+01  3.407249451E+01
1.314152047E+01  3.255621719E+01
1.315259634E+01  3.183754158E+01
1.316367221E+01  3.042121124E+01
1.317474808E+01  2.838532448E+01
1.318582395E+01  2.589694977E+01
1.319689982E+01  2.407773209E+01
1.320797569E+01  2.138121223E+01
1.321905156E+01  1.858756447E+01
1.323012743E+01  1.658205223E+01
1.324120330E+01  1.461881161E+01
1.325227917E+01  1.462871265E+01
1.326335504E+01  1.430444145E+01
1.327443091E+01  1.630069733E+01
1.328550679E+01  1.812969398E+01
1.329658266E+01  2.253933907E+01
1.330765853E+01  2.711844826E+01
1.331873440E+01  3.192517281E+01
1.332981027E+01  3.791008759E+01
1.334088614E+01  4.310442352E+01
1.335196201E+01  4.997126389E+01
1.336303788E+01  5.773648071E+01
1.337411375E+01  6.808428192E+01
1.338518962E+01  7.620896912E+01
1.339626549E+01  8.438575745E+01
1.340734136E+01  8.373796082E+01
1.341841723E+01  8.326007080E+01
1.342949310E+01  7.753285980E+01
1.344056897E+01  7.162875366E+01
1.345164484E+01  6.477262115E+01
1.346272071E+01  6.132880020E+01
1.347379659E+01  5.888134766E+01
1.348487246E+01  6.018711853E+01
1.349594833E+01  6.664088440E+01
1.350702420E+01  7.392240906E+01
1.351810007E+01  1.003541260E+02
1.352917594E+01  1.156434555E+02
1.354025181E+01  1.285498962E+02
1.355132768E+01  1.230315247E+02
1.356240355E+01  1.199310455E+02
1.357347942E+01  9.989604187E+01
1.358455529E+01  9.653552246E+01
1.359563116E+01  9.730158997E+01
1.360670703E+01  9.469404602E+01
1.361778290E+01  9.013699341E+01
1.362885877E+01  8.083063507E+01
1.363993464E+01  7.204423523E+01
1.365101052E+01  6.330021286E+01
1.366208639E+01  5.647875595E+01
1.367316226E+01  5.159430313E+01
1.368423813E+01  4.986355591E+01
1.369531400E+01  4.993263626E+01
1.370638987E+01  5.243141937E+01
1.371746574E+01  5.514039612E+01
1.372854161E+01  5.855379105E+01
1.373961748E+01  6.049150467E+01
1.375069335E+01  6.232274246E+01
1.376176922E+01  6.290021896E+01
1.377284509E+01  6.258714676E+01
1.378392096E+01  6.221266937E+01
1.379499683E+01  6.041073990E+01
1.380607270E+01  5.807140732E+01
1.381714857E+01  5.391297531E+01
1.382822444E+01  4.954936981E+01
1.383930032E+01  4.362162018E+01
1.385037619E+01  3.993494415E+01
1.386145206E+01  3.436890793E+01
1.387252793E+01  2.961850739E+01
1.388360380E+01  2.402877426E+01
1.389467967E+01  2.022025871E+01
1.390575554E+01  1.690263176E+01
1.391683141E+01  1.457268906E+01
1.392790728E+01  1.202020073E+01
1.393898315E+01  9.219279289E+00
1.395005902E+01  6.486335754E+00
1.396113489E+01  4.160013199E+00
1.397221076E+01  2.308829308E+00
1.398328663E+01  6.816157699E-01
1.399436250E+01  1.597911865E-01
1.400543837E+01  -3.457887769E-01
1.401651424E+01  1.392275989E-01
1.402759012E+01  -4.701140821E-01
1.403866599E+01  -3.181957901E-01
1.404974186E+01  -1.941535622E-01
1.406081773E+01  1.921219826E-01
1.407189360E+01  -1.603751183E-01
1.408296947E+01  -8.045079708E-01
1.409404534E+01  -1.097315788E+00
1.410512121E+01  -1.308656096E+00
1.411619708E+01  -3.559458852E-01
1.412727295E+01  4.584121704E-01
1.413834882E+01  2.056038380E+00
1.414942469E+01  2.685603619E+00
1.416050056E+01  3.332741261E+00
1.417157643E+01  2.980911970E+00
1.418265230E+01  3.363233805E+00
1.419372817E+01  3.419148445E+00
1.420480405E+01  4.315659523E+00
1.421587992E+01  5.618965626E+00
1.422695579E+01  6.579857349E+00
1.423803166E+01  7.145194530E+00
1.424910753E+01  7.420917034E+00
1.426018340E+01  7.818896294E+00
1.427125927E+01  7.884324551E+00
1.428233514E+01  8.287417412E+00
1.429341101E+01  7.834641457E+00
1.430448688E+01  7.225183010E+00
1.431556275E+01  5.521165371E+00
1.432663862E+01  3.794495344E+00
1.433771449E+01  2.379183769E+00
1.434879036E+01  2.349006176E+00
1.435986623E+01  2.187911749E+00
1.437094210E+01  1.708356977E+00
1.438201797E+01  1.257727385E+00
1.439309385E+01  6.472907662E-01
1.440416972E+01  -3.415777385E-01
1.441524559E+01  -5.493152738E-01
1.442632146E+01  -7.140510082E-01
1.443739733E+01  -4.869875312E-01
1.444847320E+01  2.046219772E-03
1.445954907E+01  4.092428386E-01
1.447062494E+01  1.204191074E-01
1.448170081E+01  -5.143656135E-01
1.449277668E+01  -2.490475923E-01
1.450385255E+01  -7.129217982E-01
1.451492842E+01  9.767540731E-03
1.452600429E+01  -8.513987064E-02
1.453708016E+01  -1.740403622E-01
1.454815603E+01  -7.663650811E-02
1.455923190E+01  1.280953288E-01
1.457030777E+01  -5.029382650E-03
1.458138365E+01  3.753156066E-01
1.459245952E+01  1.238621831E+00
1.460353539E+01  2.293272972E+00
1.461461126E+01  3.139498234E+00
1.462568713E+01  3.906944752E+00
1.463676300E+01  4.403114796E+00
1.464783887E+01  5.283651829E+00
1.465891474E+01  5.826268673E+00
1.466999061E+01  6.871538162E+00
1.468106648E+01  8.946310997E+00
1.469214235E+01  9.978919029E+00
1.470321822E+01  1.174315166E+01
1.471429409E+01  1.326217842E+01
1.472536996E+01  1.572933006E+01
1.473644583E+01  1.708732033E+01
1.474752170E+01  1.976823425E+01
1.475859758E+01  1.974882698E+01
1.476967345E+01  1.818358040E+01
1.478074932E+01  1.601822662E+01
1.479182519E+01  1.437451458E+01
1.480290106E+01  1.254300499E+01
1.481397693E+01  1.167728806E+01
1.482505280E+01  1.059305191E+01
1.483612867E+01  9.454852104E+00
1.484720454E+01  9.121933937E+00
1.485828041E+01  8.231732368E+00
1.486935628E+01  8.015663147E+00
1.488043215E+01  7.241997242E+00
1.489150802E+01  7.585975170E+00
1.490258389E+01  7.279468060E+00
1.491365976E+01  7.767590523E+00
1.492473563E+01  7.491296291E+00
1.493581150E+01  7.978684425E+00
1.494688738E+01  7.620880127E+00
1.495796325E+01  7.384679794E+00
1.496903912E+01  7.261769772E+00
1.498011499E+01  7.099173069E+00
1.499119086E+01  7.419558525E+00
1.500226673E+01  7.870339394E+00
1.501334260E+01  8.471721649E+00
1.502441847E+01  8.377076149E+00
1.503549434E+01  8.914937019E+00
1.504657021E+01  8.866338730E+00
1.505764608E+01  9.432595253E+00
1.506872195E+01  9.409857750E+00
1.507979782E+01  9.941802025E+00
1.509087369E+01  9.606176376E+00
1.510194956E+01  9.687018394E+00
1.511302543E+01  9.334931374E+00
1.512410130E+01  9.810255051E+00
1.513517718E+01  9.772120476E+00
1.514625305E+01  1.058924770E+01
1.515732892E+01  1.089597416E+01
1.516840479E+01  1.157418823E+01
1.517948066E+01  1.128811836E+01
1.519055653E+01  1.156844521E+01
1.520163240E+01  1.204471779E+01
1.521270827E+01  1.212113953E+01
1.522378414E+01  1.250903606E+01
1.523486001E+01  1.224712467E+01
1.524593588E+01  1.221652222E+01
1.525701175E+01  1.203516006E+01
1.526808762E+01  1.168119717E+01
1.527916349E+01  1.120395565E+01
1.529023936E+01  1.141606331E+01
1.530131523E+01  1.072072029E+01
1.531239111E+01  9.444835663E+00
1.532346698E+01  7.880769253E+00
1.533454285E+01  6.491780758E+00
1.534561872E+01  4.703045368E+00
1.535669459E+01  4.019695282E+00
1.536777046E+01  3.055140734E+00
1.537884633E+01  2.964909077E+00
1.538992220E+01  3.035877705E+00
1.540099807E+01  3.489864349E+00
1.541207394E+01  3.421370983E+00
1.542314981E+01  3.525367975E+00
1.543422568E+01  3.749393702E+00
1.544530155E+01  3.818579435E+00
1.545637742E+01  4.946343422E+00
1.546745329E+01  5.953165531E+00
1.547852916E+01  7.438950539E+00
1.548960503E+01  7.485787392E+00
1.550068091E+01  7.871450901E+00
1.551175678E+01  6.761295795E+00
1.552283265E+01  6.732306480E+00
1.553390852E+01  6.119041443E+00
1.554498439E+01  5.816981316E+00
1.555606026E+01  4.675349236E+00
1.556713613E+01  4.355266571E+00
1.557821200E+01  3.714395523E+00
1.558928787E+01  3.883599281E+00
1.560036374E+01  4.251928806E+00
1.561143961E+01  4.907173157E+00
1.562251548E+01  5.186397076E+00
1.563359135E+01  4.301794529E+00
1.564466722E+01  3.374626160E+00
1.565574309E+01  2.063390255E+00
1.566681896E+01  1.672467351E+00
1.567789483E+01  1.442157865E+00
1.568897071E+01  2.257056236E+00
1.570004658E+01  1.901420951E+00
1.571112245E+01  3.216036081E+00
1.572219832E+01  3.236026287E+00
1.573327419E+01  3.663514614E+00
1.574435006E+01  3.251897812E+00
1.575542593E+01  3.899352312E+00
1.576650180E+01  3.745513201E+00
1.577757767E+01  3.927700043E+00
1.578865354E+01  3.296490908E+00
1.579972941E+01  3.264600277E+00
1.581080528E+01  2.945060730E+00
1.582188115E+01  2.930520058E+00
1.583295702E+01  2.728054762E+00
1.584403289E+01  1.740247965E+00
1.585510876E+01  1.916068554E+00
1.586618464E+01  1.307387829E+00
1.587726051E+01  1.612681150E+00
1.588833638E+01  1.048852324E+00
1.589941225E+01  1.068762779E+00
1.591048812E+01  7.534423470E-01
1.592156399E+01  1.208695292E+00
1.593263986E+01  1.444371819E+00
1.594371573E+01  2.853127003E+00
1.595479160E+01  3.271455526E+00
1.596586747E+01  5.060501099E+00
1.597694334E+01  6.193580627E+00
1.598801921E+01  7.622394085E+00
1.599909508E+01  8.350144386E+00
1.601017095E+01  8.934221268E+00
1.602124682E+01  1.001122665E+01
1.603232269E+01  1.017490292E+01
1.604339856E+01  1.125640583E+01
1.605447444E+01  1.097481728E+01
1.606555031E+01  1.195545292E+01
1.607662618E+01  1.173377228E+01
1.608770205E+01  1.297620010E+01
1.609877792E+01  1.256289196E+01
1.610985379E+01  1.328707314E+01
1.612092966E+01  1.264373589E+01
1.613200553E+01  1.300712776E+01
1.614308140E+01  1.267543221E+01
1.615415727E+01  1.433377934E+01
1.616523314E+01  1.530143833E+01
1.617630901E+01  1.712227058E+01
1.618738488E+01  1.704203033E+01
1.619846075E+01  1.667803383E+01
1.620953662E+01  1.600366402E+01
1.622061249E+01  1.471177197E+01
1.623168836E+01  1.467549038E+01
1.624276424E+01  1.270092392E+01
1.625384011E+01  1.243498325E+01
1.626491598E+01  1.147342014E+01
1.627599185E+01  1.113365364E+01
1.628706772E+01  9.514829636E+00
1.629814359E+01  8.326925278E+00
1.630921946E+01  5.364992142E+00
1.632029533E+01  4.280149937E+00
1.633137120E+01  2.695193768E+00
1.634244707E+01  3.107178688E+00
1.635352294E+01  2.794893980E+00
1.636459881E+01  4.009902954E+00
1.637567468E+01  4.370466232E+00
1.638675055E+01  5.223846912E+00
1.639782642E+01  5.035837650E+00
1.640890229E+01  5.625260353E+00
1.641997817E+01  5.839382648E+00
1.643105404E+01  5.476891994E+00
1.644212991E+01  5.635430336E+00
1.645320578E+01  5.335377693E+00
1.646428165E+01  5.312330723E+00
1.647535752E+01  5.124163628E+00
1.648643339E+01  5.837182045E+00
1.649750926E+01  5.702886105E+00
1.650858513E+01  6.649303913E+00
1.651966100E+01  6.748643398E+00
1.653073687E+01  7.902962208E+00
1.654181274E+01  7.756891727E+00
1.655288861E+01  7.823122025E+00
1.656396448E+01  6.539413929E+00
1.657504035E+01  6.798750401E+00
1.658611622E+01  5.672846794E+00
1.659719209E+01  5.044966221E+00
1.660826797E+01  2.800228357E+00
1.661934384E+01  1.638596535E+00
1.663041971E+01  -4.242828861E-02
1.664149558E+01  -3.904845715E-01
1.665257145E+01  -1.026326895E+00
1.666364732E+01  -1.612917781E+00
1.667472319E+01  -2.174030066E+00
1.668579906E+01  -2.234505892E+00
1.669687493E+01  -1.402897358E+00
1.670795080E+01  -1.074225783E+00
1.671902667E+01  -9.082532488E-03
1.673010254E+01  8.848765492E-01
1.674117841E+01  2.894606113E+00
1.675225428E+01  5.236045361E+00
1.676333015E+01  8.239177704E+00
1.677440602E+01  9.030769348E+00
1.678548190E+01  8.843935966E+00
1.679655777E+01  6.072957516E+00
1.680763364E+01  4.558672428E+00
1.681870951E+01  2.688210964E+00
1.682978538E+01  2.880590200E+00
1.684086125E+01  3.296916485E+00
1.685193712E+01  5.252372742E+00
1.686301299E+01  5.493682861E+00
1.687408886E+01  6.485364437E+00
1.688516473E+01  6.837462902E+00
1.689624060E+01  7.588509083E+00
1.690731647E+01  8.277171135E+00
1.691839234E+01  8.381342888E+00
1.692946821E+01  8.961813927E+00
1.694054408E+01  9.383954048E+00
1.695161995E+01  1.039863777E+01
1.696269582E+01  1.112552357E+01
1.697377170E+01  1.259211063E+01
1.698484757E+01  1.348728085E+01
1.699592344E+01  1.564396000E+01
1.700699931E+01  1.624199677E+01
1.701807518E+01  1.883489609E+01
1.702915105E+01  1.961250687E+01
1.704022692E+01  2.233975220E+01
1.705130279E+01  2.234037971E+01
1.706237866E+01  2.416932678E+01
1.707345453E+01  2.370635033E+01
1.708453040E+01  2.404738235E+01
1.709560627E+01  2.401562500E+01
1.710668214E+01  2.401227379E+01
1.711775801E+01  2.436525917E+01
1.712883388E+01  2.459938622E+01
1.713990975E+01  2.472430801E+01
1.715098562E+01  2.451331902E+01
1.716206150E+01  2.407538223E+01
1.717313737E+01  2.327101898E+01
1.718421324E+01  2.216055489E+01
1.719528911E+01  2.034651947E+01
1.720636498E+01  1.851820183E+01
1.721744085E+01  1.634240341E+01
1.722851672E+01  1.524162579E+01
1.723959259E+01  1.363882637E+01
1.725066846E+01  1.379933834E+01
1.726174433E+01  1.365606022E+01
1.727282020E+01  1.474915791E+01
1.728389607E+01  1.614854813E+01
1.729497194E+01  1.941373444E+01
1.730604781E+01  2.236944580E+01
1.731712368E+01  2.629020882E+01
1.732819955E+01  2.863557053E+01
1.733927543E+01  3.187688828E+01
1.735035130E+01  3.282361984E+01
1.736142717E+01  3.514664078E+01
1.737250304E+01  3.703400803E+01
1.738357891E+01  4.122721863E+01
1.739465478E+01  4.635286713E+01
1.740573065E+01  5.381023026E+01
1.741680652E+01  6.061622620E+01
1.742788239E+01  7.114994049E+01
1.743895826E+01  7.784695435E+01
1.745003413E+01  8.338829041E+01
1.746111000E+01  8.777603149E+01
1.747218587E+01  8.611083984E+01
1.748326174E+01  8.809445953E+01
1.749433761E+01  8.882386780E+01
1.750541348E+01  9.183695984E+01
1.751648935E+01  9.485117340E+01
1.752756523E+01  9.841512299E+01
1.753864110E+01  1.005506897E+02
1.754971697E+01  1.006755981E+02
1.756079284E+01  9.858223724E+01
1.757186871E+01  9.532859039E+01
1.758294458E+01  9.026355743E+01
1.759402045E+01  8.515985107E+01
1.760509632E+01  7.875822449E+01
1.761617219E+01  7.303160858E+01
1.762724806E+01  6.643315125E+01
1.763832393E+01  6.008584213E+01
1.764939980E+01  5.284642410E+01
1.766047567E+01  4.600329590E+01
1.767155154E+01  3.848416519E+01
1.768262741E+01  3.207794952E+01
1.769370328E+01  2.613743782E+01
1.770477915E+01  2.131449699E+01
1.771585503E+01  1.709562302E+01
1.772693090E+01  1.412479210E+01
1.773800677E+01  1.126280499E+01
1.774908264E+01  9.112913132E+00
1.776015851E+01  7.074780464E+00
1.777123438E+01  5.577022076E+00
1.778231025E+01  4.433532238E+00
1.779338612E+01  3.847999334E+00
1.780446199E+01  3.519252062E+00
1.781553786E+01  2.981714725E+00
1.782661373E+01  2.004698038E+00
1.783768960E+01  1.162102103E+00
1.784876547E+01  5.758228302E-01
1.785984134E+01  6.541027874E-02
1.787091721E+01  -1.208808552E-02
1.788199308E+01  -1.580025703E-01
1.789306896E+01  1.556533724E-01
1.790414483E+01  -1.152582467E-01
1.791522070E+01  5.893905759E-01
1.792629657E+01  2.765219808E-01
1.793737244E+01  8.028053045E-01
1.794844831E+01  9.212864637E-01
1.795952418E+01  9.865871072E-01
1.797060005E+01  3.484577835E-01
1.798167592E+01  1.891789436E-01
1.799275179E+01  -9.960940480E-02
1.800382766E+01  2.343360335E-01
1.801490353E+01  7.350127697E-01
1.802597940E+01  2.080334187E+00
1.803705527E+01  3.451390743E+00
1.804813114E+01  5.764992237E+00
1.805920701E+01  7.564414978E+00
1.807028288E+01  9.597523689E+00
1.808135876E+01  1.054992485E+01
1.809243463E+01  1.165568352E+01
1.810351050E+01  1.299090385E+01
1.811458637E+01  1.555221272E+01
1.812566224E+01  1.714665985E+01
1.813673811E+01  1.972385979E+01
1.814781398E+01  2.188845634E+01
1.815888985E+01  2.580135155E+01
1.816996572E+01  2.950503349E+01
1.818104159E+01  3.445030594E+01
1.819211746E+01  3.794208145E+01
1.820319333E+01  4.084045029E+01
1.821426920E+01  4.043296432E+01
1.822534507E+01  4.198008347E+01
1.823642094E+01  4.176250839E+01
1.824749681E+01  4.325551224E+01
1.825857268E+01  4.349062729E+01
1.826964856E+01  4.367625809E+01
1.828072443E+01  4.191325760E+01
1.829180030E+01  3.935276031E+01
1.830287617E+01  3.507423019E+01
1.831395204E+01  3.047219658E+01
1.832502791E+01  2.584595299E+01
1.833610378E+01  2.214018250E+01
1.834717965E+01  1.897875214E+01
1.835825552E+01  1.700151825E+01
1.836933139E+01  1.508514977E+01
1.838040726E+01  1.321958923E+01
1.839148313E+01  1.242126560E+01
1.840255900E+01  1.133819962E+01
1.841363487E+01  1.129858208E+01
1.842471074E+01  1.039122581E+01
1.843578661E+01  1.035325813E+01
1.844686249E+01  9.591117859E+00
1.845793836E+01  1.063819981E+01
1.846901423E+01  1.114984798E+01
1.848009010E+01  1.201456356E+01
1.849116597E+01  1.151977730E+01
1.850224184E+01  1.155118942E+01
1.851331771E+01  1.053429985E+01
1.852439358E+01  1.046956539E+01
1.853546945E+01  9.868432045E+00
1.854654532E+01  1.023356247E+01
1.855762119E+01  9.821652412E+00
1.856869706E+01  1.088085747E+01
1.857977293E+01  1.178690243E+01
1.859084880E+01  1.333311844E+01
1.860192467E+01  1.381845665E+01
1.861300054E+01  1.531994629E+01
1.862407641E+01  1.554865551E+01
1.863515229E+01  1.586701965E+01
1.864622816E+01  1.519753742E+01
1.865730403E+01  1.469354153E+01
1.866837990E+01  1.295758438E+01
1.867945577E+01  1.198308659E+01
1.869053164E+01  9.821451187E+00
1.870160751E+01  8.925323486E+00
1.871268338E+01  6.880401134E+00
1.872375925E+01  6.064614773E+00
1.873483512E+01  4.712821960E+00
1.874591099E+01  3.830015421E+00
1.875698686E+01  2.997108221E+00
1.876806273E+01  2.627768040E+00
1.877913860E+01  2.126375198E+00
1.879021447E+01  1.211265087E+00
1.880129034E+01  1.123344183E+00
1.881236621E+01  6.125400066E-01
1.882344209E+01  6.451982856E-01
1.883451796E+01  6.792284846E-01
1.884559383E+01  1.247111201E+00
1.885666970E+01  1.046840549E+00
1.886774557E+01  1.735014319E+00
1.887882144E+01  1.407181382E+00
1.888989731E+01  1.903871298E+00
1.890097318E+01  1.659960389E+00
1.891204905E+01  3.093954086E+00
1.892312492E+01  2.788529873E+00
1.893420079E+01  4.276914120E+00
1.894527666E+01  4.239906311E+00
1.895635253E+01  5.159564018E+00
1.896742840E+01  4.509514332E+00
1.897850427E+01  4.668771744E+00
1.898958014E+01  3.788074017E+00
1.900065602E+01  3.739833355E+00
1.901173189E+01  2.865210056E+00
1.902280776E+01  3.258415222E+00
1.903388363E+01  2.404164553E+00
1.904495950E+01  3.177679300E+00
1.905603537E+01  2.826012611E+00
1.906711124E+01  3.613924742E+00
1.907818711E+01  2.420932055E+00
1.908926298E+01  1.839696884E+00
1.910033885E+01  4.699754417E-01
1.911141472E+01  1.953530312E-01
1.912249059E+01  -4.809384644E-01
1.913356646E+01  -1.641680896E-01
1.914464233E+01  -2.364392281E-01
1.915571820E+01  7.602555752E-01
1.916679407E+01  1.446667910E+00
1.917786994E+01  2.508760214E+00
1.918894582E+01  2.744826794E+00
1.920002169E+01  3.491030931E+00
1.921109756E+01  2.900092840E+00
1.922217343E+01  3.185551643E+00
1.923324930E+01  3.684633732E+00
1.924432517E+01  4.252293110E+00
1.925540104E+01  4.674420834E+00
1.926647691E+01  4.669919014E+00
1.927755278E+01  4.771437645E+00
1.928862865E+01  5.243218899E+00
1.929970452E+01  5.380779266E+00
1.931078039E+01  5.605756283E+00
1.932185626E+01  5.886926651E+00
1.933293213E+01  5.367524624E+00
1.934400800E+01  5.183596611E+00
1.935508387E+01  4.396191597E+00
1.936615974E+01  4.488547325E+00
1.937723562E+01  3.676087856E+00
1.938831149E+01  3.433029890E+00
1.939938736E+01  3.017587900E+00
1.941046323E+01  3.933153152E+00
1.942153910E+01  3.622807503E+00
1.943261497E+01  4.055809498E+00
1.944369084E+01  3.120594263E+00
1.945476671E+01  4.053117275E+00
1.946584258E+01  3.701192617E+00
1.947691845E+01  4.828874111E+00
1.948799432E+01  4.697078705E+00
1.949907019E+01  6.148180008E+00
1.951014606E+01  5.972949028E+00
1.952122193E+01  6.962004185E+00
1.953229780E+01  6.222584248E+00
1.954337367E+01  6.935868740E+00
1.955444955E+01  5.867538929E+00
1.956552542E+01  6.502966881E+00
1.957660129E+01  5.595864296E+00
1.958767716E+01  6.115484238E+00
1.959875303E+01  4.816569328E+00
1.960982890E+01  4.804356098E+00
1.962090477E+01  3.870268583E+00
1.963198064E+01  4.396949768E+00
1.964305651E+01  3.850756884E+00
1.965413238E+01  4.428918839E+00
1.966520825E+01  3.204010248E+00
1.967628412E+01  3.090567827E+00
1.968735999E+01  1.756470442E+00
1.969843586E+01  1.927934885E+00
1.970951173E+01  9.949278235E-01
1.972058760E+01  1.280822158E+00
1.973166347E+01  7.438780069E-01
1.974273935E+01  1.349132895E+00
1.975381522E+01  9.258887172E-01
1.976489109E+01  1.302906990E+00
1.977596696E+01  4.093649387E-01
1.978704283E+01  6.477210522E-01
1.979811870E+01  2.447311580E-01
1.980919457E+01  9.427955747E-01
1.982027044E+01  6.370453238E-01
1.983134631E+01  7.515031695E-01
1.984242218E+01  1.076144502E-01
1.985349805E+01  2.098304927E-01
1.986457392E+01  2.906523347E-01
1.987564979E+01  9.901952147E-01
1.988672566E+01  1.423997045E+00
1.989780153E+01  2.065219164E+00
1.990887740E+01  2.045912504E+00
1.991995327E+01  2.882419348E+00
1.993102915E+01  2.846279383E+00
1.994210502E+01  3.127862215E+00
1.995318089E+01  2.982604504E+00
1.996425676E+01  2.708544970E+00
1.997533263E+01  2.013203382E+00
1.998640850E+01  1.557278275E+00
1.999748437E+01  1.270683527E+00
2.000856024E+01  1.206427574E+00
2.001963611E+01  4.091407657E-01
2.003071198E+01  2.702986300E-01
2.004178785E+01  -1.371852607E-01
2.005286372E+01  -2.416989207E-01
2.006393959E+01  -5.325019956E-01
2.007501546E+01  -4.435138404E-01
2.008609133E+01  -1.014803499E-01
2.009716720E+01  5.501276851E-01
2.010824308E+01  1.546345353E+00
2.011931895E+01  2.390281916E+00
2.013039482E+01  3.606592417E+00
2.014147069E+01  3.988617182E+00
2.015254656E+01  5.662718296E+00
2.016362243E+01  6.359834194E+00
2.017469830E+01  8.573751450E+00
2.018577417E+01  8.515579224E+00
2.019685004E+01  1.152361298E+01
2.020792591E+01  1.129099846E+01
2.021900178E+01  1.330861187E+01
2.023007765E+01  1.229780769E+01
2.024115352E+01  1.040378094E+01
2.025222939E+01  9.039379120E+00
2.026330526E+01  7.499002457E+00
2.027438113E+01  6.129923344E+00
2.028545700E+01  5.190318108E+00
2.029653288E+01  4.569842339E+00
2.030760875E+01  4.307752132E+00
2.031868462E+01  4.053766251E+00
2.032976049E+01  4.044435978E+00
2.034083636E+01  3.258033514E+00
2.035191223E+01  3.177291393E+00
2.036298810E+01  2.761304617E+00
2.037406397E+01  3.154370785E+00
2.038513984E+01  2.966362000E+00
2.039621571E+01  3.067379475E+00
2.040729158E+01  2.821431875E+00
2.041836745E+01  3.379871130E+00
2.042944332E+01  3.354589939E+00
2.044051919E+01  4.086376190E+00
2.045159506E+01  4.037479401E+00
2.046267093E+01  4.532936573E+00
2.047374680E+01  4.344069004E+00
2.048482268E+01  4.855663776E+00
2.049589855E+01  4.470776081E+00
2.050697442E+01  4.554662704E+00
2.051805029E+01  4.019898415E+00
2.052912616E+01  4.099549770E+00
2.054020203E+01  3.692136765E+00
2.055127790E+01  4.083063126E+00
2.056235377E+01  4.069006443E+00
2.057342964E+01  4.860385418E+00
2.058450551E+01  5.365843296E+00
2.059558138E+01  5.715679646E+00
2.060665725E+01  5.176990509E+00
2.061773312E+01  5.191719055E+00
2.062880899E+01  4.296760082E+00
2.063988486E+01  3.939543247E+00
2.065096073E+01  2.878664970E+00
2.066203661E+01  2.851079226E+00
2.067311248E+01  2.238089085E+00
2.068418835E+01  2.299593687E+00
2.069526422E+01  1.755103827E+00
2.070634009E+01  1.675586939E+00
2.071741596E+01  6.976424456E-01
2.072849183E+01  2.138502598E-01
2.073956770E+01  -4.073071778E-01
2.075064357E+01  -3.725948930E-01
2.076171944E+01  -2.189423442E-01
2.077279531E+01  3.744964302E-01
2.078387118E+01  5.104151368E-01
2.079494705E+01  4.061626792E-01
2.080602292E+01  1.512787938E-01
2.081709879E+01  7.239850610E-02
2.082817466E+01  -2.754912674E-01
2.083925053E+01  -1.754031330E-01
2.085032641E+01  -2.352009267E-01
2.086140228E+01  -7.966782153E-02
2.087247815E+01  2.279527038E-01
